[[[(10, 15), (9, 15), (8, 15), (7, 15), (6, 15), (5, 15), (4, 15), (4, 14)],
  [(4, 14),
   (3, 14),
   (2, 14),
   (1, 14),
   (1, 13),
   (1, 12),
   (1, 11),
   (1, 10),
   (1, 9),
   (1, 8),
   (1, 7),
   (2, 7),
   (3, 7),
   (4, 7),
   (4, 6)],
  [(4, 6)],
  [(4, 6), (5, 6), (6, 6), (7, 6), (7, 5), (7, 4), (7, 3), (8, 3)],
  [(8, 3),
   (9, 3),
   (10, 3),
   (10, 4),
   (10, 5),
   (10, 6),
   (10, 7),
   (10, 8),
   (10, 9),
   (10, 10),
   (10, 11),
   (10, 12),
   (10, 13),
   (10, 14)]],
 [[(10, 15),
   (9, 15),
   (8, 15),
   (7, 15),
   (7, 14),
   (7, 13),
   (7, 12),
   (7, 11),
   (7, 10),
   (7, 9),
   (7, 8),
   (7, 7),
   (6, 7),
   (5, 7),
   (4, 7),
   (4, 6)],
  [(4, 6)],
  [(4, 6), (4, 7)],
  [(4, 7), (4, 6)],
  [(4, 6), (4, 7)],
  [(4, 7)],
  [(4, 7), (4, 6)],
  [(4, 6), (4, 7)],
  [(4, 7), (4, 6)],
  [(4, 6)],
  [(4, 6), (4, 7)],
  [(4, 7), (4, 6)],
  [(4, 6), (4, 7)],
  [(4, 7), (4, 6)],
  [(4, 6)],
  [(4, 6)],
  [(4, 6)],
  [(4, 6)],
  [(4, 6)],
  [(4, 6), (4, 7)],
  [(4, 7)],
  [(4, 7), (4, 6)],
  [(4, 6), (4, 7)],
  [(4, 7), (4, 6)],
  [(4, 6), (4, 7)],
  [(4, 7)],
  [(4, 7), (4, 6)],
  [(4, 6), (5, 6), (6, 6), (7, 6), (8, 6), (8, 7)],
  [(8, 7),
   (9, 7),
   (10, 7),
   (10, 8),
   (10, 9),
   (10, 10),
   (10, 11),
   (10, 12),
   (10, 13),
   (10, 14)]],
 [[(10, 15),
   (9, 15),
   (8, 15),
   (7, 15),
   (7, 14),
   (7, 13),
   (7, 12),
   (7, 11),
   (7, 10),
   (7, 9),
   (7, 8),
   (7, 7),
   (6, 7),
   (5, 7),
   (4, 7),
   (4, 6)],
  [(4, 6), (4, 7)],
  [(4, 7),
   (3, 7),
   (2, 7),
   (1, 7),
   (1, 8),
   (1, 9),
   (1, 10),
   (2, 10),
   (3, 10),
   (4, 10),
   (4, 11)],
  [(4, 11),
   (3, 11),
   (2, 11),
   (1, 11),
   (1, 12),
   (1, 13),
   (1, 14),
   (2, 14),
   (3, 14),
   (4, 14),
   (4, 15)],
  [(4, 15),
   (4, 14),
   (3, 14),
   (2, 14),
   (1, 14),
   (1, 13),
   (1, 12),
   (1, 11),
   (2, 11),
   (3, 11),
   (4, 11)],
  [(4, 11),
   (3, 11),
   (2, 11),
   (1, 11),
   (1, 12),
   (1, 13),
   (1, 14),
   (2, 14),
   (3, 14),
   (4, 14),
   (4, 15)],
  [(4, 15)],
  [(4, 15),
   (5, 15),
   (6, 15),
   (7, 15),
   (7, 14),
   (7, 13),
   (7, 12),
   (7, 11),
   (7, 10),
   (7, 9),
   (7, 8),
   (7, 7),
   (8, 7)],
  [(8, 7),
   (9, 7),
   (10, 7),
   (10, 8),
   (10, 9),
   (10, 10),
   (10, 11),
   (10, 12),
   (10, 13),
   (10, 14)]],
 [[(10, 15), (9, 15), (8, 15), (7, 15), (6, 15), (5, 15), (4, 15), (4, 14)],
  [(4, 14)],
  [(4, 14),
   (5, 14),
   (6, 14),
   (7, 14),
   (7, 13),
   (7, 12),
   (7, 11),
   (7, 10),
   (7, 9),
   (7, 8),
   (7, 7),
   (7, 6),
   (7, 5),
   (7, 4),
   (7, 3),
   (8, 3)],
  [(8, 3),
   (9, 3),
   (10, 3),
   (10, 4),
   (10, 5),
   (10, 6),
   (10, 7),
   (10, 8),
   (10, 9),
   (10, 10),
   (10, 11),
   (10, 12),
   (10, 13),
   (10, 14)]],
 [[(10, 15), (9, 15), (8, 15), (7, 15), (6, 15), (5, 15), (4, 15), (4, 14)],
  [(4, 14),
   (3, 14),
   (2, 14),
   (1, 14),
   (1, 13),
   (1, 12),
   (1, 11),
   (1, 10),
   (1, 9),
   (1, 8),
   (1, 7),
   (2, 7),
   (3, 7),
   (4, 7)],
  [(4, 7), (4, 6)],
  [(4, 6), (4, 7)],
  [(4, 7), (4, 6)],
  [(4, 6),
   (3, 6),
   (2, 6),
   (1, 6),
   (1, 5),
   (1, 4),
   (1, 3),
   (2, 3),
   (3, 3),
   (4, 3),
   (4, 2)],
  [(4, 2), (4, 3)],
  [(4, 3)],
  [(4, 3),
   (3, 3),
   (2, 3),
   (1, 3),
   (1, 4),
   (1, 5),
   (1, 6),
   (1, 7),
   (1, 8),
   (1, 9),
   (1, 10),
   (1, 11),
   (1, 12),
   (1, 13),
   (1, 14),
   (2, 14),
   (3, 14),
   (4, 14),
   (4, 15)],
  [(4, 15)],
  [(4, 15), (4, 14)],
  [(4, 14)],
  [(4, 14), (4, 15)],
  [(4, 15)],
  [(4, 15), (4, 14)],
  [(4, 14)],
  [(4, 14)],
  [(4, 14),
   (5, 14),
   (6, 14),
   (7, 14),
   (7, 13),
   (7, 12),
   (7, 11),
   (7, 10),
   (7, 9),
   (7, 8),
   (7, 7),
   (7, 6),
   (7, 5),
   (7, 4),
   (7, 3),
   (8, 3)],
  [(8, 3),
   (9, 3),
   (10, 3),
   (10, 4),
   (10, 5),
   (10, 6),
   (10, 7),
   (10, 8),
   (10, 9),
   (10, 10),
   (10, 11),
   (10, 12),
   (10, 13),
   (10, 14)]],
 [[(10, 15), (9, 15), (8, 15), (7, 15), (6, 15), (5, 15), (4, 15)],
  [(4, 15),
   (5, 15),
   (6, 15),
   (7, 15),
   (7, 14),
   (7, 13),
   (7, 12),
   (7, 11),
   (7, 10),
   (7, 9),
   (7, 8),
   (7, 7),
   (8, 7)],
  [(8, 7),
   (9, 7),
   (10, 7),
   (10, 8),
   (10, 9),
   (10, 10),
   (10, 11),
   (10, 12),
   (10, 13),
   (10, 14)]],
 [[(10, 15),
   (9, 15),
   (8, 15),
   (7, 15),
   (7, 14),
   (7, 13),
   (7, 12),
   (7, 11),
   (7, 10),
   (7, 9),
   (7, 8),
   (7, 7),
   (6, 7),
   (5, 7),
   (4, 7),
   (4, 6)],
  [(4, 6), (4, 7)],
  [(4, 7),
   (3, 7),
   (2, 7),
   (1, 7),
   (1, 8),
   (1, 9),
   (1, 10),
   (2, 10),
   (3, 10),
   (4, 10),
   (4, 11)],
  [(4, 11),
   (4, 10),
   (3, 10),
   (2, 10),
   (1, 10),
   (1, 9),
   (1, 8),
   (1, 7),
   (1, 6),
   (1, 5),
   (1, 4),
   (1, 3),
   (2, 3),
   (3, 3),
   (4, 3)],
  [(4, 3),
   (3, 3),
   (2, 3),
   (1, 3),
   (1, 4),
   (1, 5),
   (1, 6),
   (2, 6),
   (3, 6),
   (4, 6)],
  [(4, 6), (4, 7)],
  [(4, 7)],
  [(4, 7)],
  [(4, 7),
   (3, 7),
   (2, 7),
   (1, 7),
   (1, 8),
   (1, 9),
   (1, 10),
   (2, 10),
   (3, 10),
   (4, 10)],
  [(4, 10),
   (3, 10),
   (2, 10),
   (1, 10),
   (1, 9),
   (1, 8),
   (1, 7),
   (2, 7),
   (3, 7),
   (4, 7),
   (4, 6)],
  [(4, 6)],
  [(4, 6),
   (4, 7),
   (3, 7),
   (2, 7),
   (1, 7),
   (1, 8),
   (1, 9),
   (1, 10),
   (2, 10),
   (3, 10),
   (4, 10)],
  [(4, 10), (4, 11)],
  [(4, 11)],
  [(4, 11), (5, 11), (6, 11), (7, 11), (8, 11)],
  [(8, 11), (9, 11), (10, 11), (10, 12), (10, 13), (10, 14)]],
 [[(10, 15),
   (9, 15),
   (8, 15),
   (7, 15),
   (7, 14),
   (7, 13),
   (7, 12),
   (7, 11),
   (7, 10),
   (7, 9),
   (7, 8),
   (7, 7),
   (7, 6),
   (7, 5),
   (7, 4),
   (7, 3),
   (6, 3),
   (5, 3),
   (4, 3),
   (4, 2)],
  [(4, 2), (4, 3)],
  [(4, 3)],
  [(4, 3),
   (5, 3),
   (6, 3),
   (7, 3),
   (7, 4),
   (7, 5),
   (7, 6),
   (7, 7),
   (7, 8),
   (7, 9),
   (7, 10),
   (8, 10),
   (8, 11)],
  [(8, 11), (9, 11), (10, 11), (10, 12), (10, 13), (10, 14)]],
 [[(10, 15),
   (9, 15),
   (8, 15),
   (7, 15),
   (7, 14),
   (7, 13),
   (7, 12),
   (7, 11),
   (6, 11),
   (5, 11),
   (4, 11),
   (4, 10)],
  [(4, 10),
   (5, 10),
   (6, 10),
   (7, 10),
   (7, 9),
   (7, 8),
   (7, 7),
   (7, 6),
   (7, 5),
   (7, 4),
   (7, 3),
   (8, 3)],
  [(8, 3),
   (9, 3),
   (10, 3),
   (10, 4),
   (10, 5),
   (10, 6),
   (10, 7),
   (10, 8),
   (10, 9),
   (10, 10),
   (10, 11),
   (10, 12),
   (10, 13),
   (10, 14)]],
 [[(10, 15),
   (9, 15),
   (8, 15),
   (7, 15),
   (7, 14),
   (7, 13),
   (7, 12),
   (7, 11),
   (7, 10),
   (7, 9),
   (7, 8),
   (7, 7),
   (7, 6),
   (7, 5),
   (7, 4),
   (7, 3),
   (6, 3),
   (5, 3),
   (4, 3)],
  [(4, 3)],
  [(4, 3),
   (3, 3),
   (2, 3),
   (1, 3),
   (1, 4),
   (1, 5),
   (1, 6),
   (1, 7),
   (1, 8),
   (1, 9),
   (1, 10),
   (2, 10),
   (3, 10),
   (4, 10)],
  [(4, 10),
   (3, 10),
   (2, 10),
   (1, 10),
   (1, 9),
   (1, 8),
   (1, 7),
   (2, 7),
   (3, 7),
   (4, 7)],
  [(4, 7), (4, 6)],
  [(4, 6),
   (3, 6),
   (2, 6),
   (1, 6),
   (1, 5),
   (1, 4),
   (1, 3),
   (2, 3),
   (3, 3),
   (4, 3)],
  [(4, 3), (4, 2)],
  [(4, 2)],
  [(4, 2),
   (5, 2),
   (6, 2),
   (7, 2),
   (7, 3),
   (7, 4),
   (7, 5),
   (7, 6),
   (7, 7),
   (7, 8),
   (7, 9),
   (7, 10),
   (8, 10),
   (8, 11)],
  [(8, 11), (9, 11), (10, 11), (10, 12), (10, 13), (10, 14)]],
 [[(10, 15),
   (9, 15),
   (8, 15),
   (7, 15),
   (7, 14),
   (7, 13),
   (7, 12),
   (7, 11),
   (7, 10),
   (7, 9),
   (7, 8),
   (7, 7),
   (7, 6),
   (7, 5),
   (7, 4),
   (7, 3),
   (6, 3),
   (5, 3),
   (4, 3),
   (4, 2)],
  [(4, 2), (4, 3)],
  [(4, 3),
   (3, 3),
   (2, 3),
   (1, 3),
   (1, 4),
   (1, 5),
   (1, 6),
   (1, 7),
   (1, 8),
   (1, 9),
   (1, 10),
   (2, 10),
   (3, 10),
   (4, 10)],
  [(4, 10),
   (3, 10),
   (2, 10),
   (1, 10),
   (1, 9),
   (1, 8),
   (1, 7),
   (1, 6),
   (1, 5),
   (1, 4),
   (1, 3),
   (2, 3),
   (3, 3),
   (4, 3),
   (4, 2)],
  [(4, 2), (4, 3)],
  [(4, 3),
   (3, 3),
   (2, 3),
   (1, 3),
   (1, 4),
   (1, 5),
   (1, 6),
   (1, 7),
   (1, 8),
   (1, 9),
   (1, 10),
   (2, 10),
   (3, 10),
   (4, 10),
   (4, 11)],
  [(4, 11),
   (4, 10),
   (3, 10),
   (2, 10),
   (1, 10),
   (1, 9),
   (1, 8),
   (1, 7),
   (1, 6),
   (1, 5),
   (1, 4),
   (1, 3),
   (2, 3),
   (3, 3),
   (4, 3)],
  [(4, 3)],
  [(4, 3)],
  [(4, 3),
   (5, 3),
   (6, 3),
   (7, 3),
   (7, 4),
   (7, 5),
   (7, 6),
   (7, 7),
   (7, 8),
   (7, 9),
   (7, 10),
   (8, 10),
   (8, 11)],
  [(8, 11), (9, 11), (10, 11), (10, 12), (10, 13), (10, 14)]],
 [[(10, 15),
   (9, 15),
   (8, 15),
   (7, 15),
   (7, 14),
   (7, 13),
   (7, 12),
   (7, 11),
   (7, 10),
   (7, 9),
   (7, 8),
   (7, 7),
   (7, 6),
   (7, 5),
   (7, 4),
   (7, 3),
   (6, 3),
   (5, 3),
   (4, 3)],
  [(4, 3), (4, 2)],
  [(4, 2)],
  [(4, 2)],
  [(4, 2), (4, 3)],
  [(4, 3), (5, 3), (6, 3), (7, 3), (7, 4), (7, 5), (7, 6), (8, 6), (8, 7)],
  [(8, 7),
   (9, 7),
   (10, 7),
   (10, 8),
   (10, 9),
   (10, 10),
   (10, 11),
   (10, 12),
   (10, 13),
   (10, 14)]],
 [[(10, 15),
   (9, 15),
   (8, 15),
   (7, 15),
   (7, 14),
   (7, 13),
   (7, 12),
   (7, 11),
   (6, 11),
   (5, 11),
   (4, 11),
   (4, 10)],
  [(4, 10),
   (3, 10),
   (2, 10),
   (1, 10),
   (1, 9),
   (1, 8),
   (1, 7),
   (2, 7),
   (3, 7),
   (4, 7)],
  [(4, 7)],
  [(4, 7)],
  [(4, 7), (4, 6)],
  [(4, 6), (5, 6), (6, 6), (7, 6), (8, 6), (8, 7)],
  [(8, 7),
   (9, 7),
   (10, 7),
   (10, 8),
   (10, 9),
   (10, 10),
   (10, 11),
   (10, 12),
   (10, 13),
   (10, 14)]],
 [[(10, 15),
   (9, 15),
   (8, 15),
   (7, 15),
   (7, 14),
   (7, 13),
   (7, 12),
   (7, 11),
   (7, 10),
   (7, 9),
   (7, 8),
   (7, 7),
   (6, 7),
   (5, 7),
   (4, 7)],
  [(4, 7)],
  [(4, 7), (4, 6)],
  [(4, 6)],
  [(4, 6)],
  [(4, 6), (4, 7)],
  [(4, 7), (4, 6)],
  [(4, 6),
   (3, 6),
   (2, 6),
   (1, 6),
   (1, 5),
   (1, 4),
   (1, 3),
   (2, 3),
   (3, 3),
   (4, 3)],
  [(4, 3),
   (3, 3),
   (2, 3),
   (1, 3),
   (1, 4),
   (1, 5),
   (1, 6),
   (1, 7),
   (1, 8),
   (1, 9),
   (1, 10),
   (2, 10),
   (3, 10),
   (4, 10),
   (4, 11)],
  [(4, 11),
   (4, 10),
   (3, 10),
   (2, 10),
   (1, 10),
   (1, 9),
   (1, 8),
   (1, 7),
   (1, 6),
   (1, 5),
   (1, 4),
   (1, 3),
   (2, 3),
   (3, 3),
   (4, 3),
   (4, 2)],
  [(4, 2),
   (5, 2),
   (6, 2),
   (7, 2),
   (7, 3),
   (7, 4),
   (7, 5),
   (7, 6),
   (7, 7),
   (7, 8),
   (7, 9),
   (7, 10),
   (8, 10),
   (8, 11)],
  [(8, 11), (9, 11), (10, 11), (10, 12), (10, 13), (10, 14)]],
 [[(10, 15),
   (9, 15),
   (8, 15),
   (7, 15),
   (7, 14),
   (7, 13),
   (7, 12),
   (7, 11),
   (7, 10),
   (7, 9),
   (7, 8),
   (7, 7),
   (7, 6),
   (7, 5),
   (7, 4),
   (7, 3),
   (6, 3),
   (5, 3),
   (4, 3)],
  [(4, 3)],
  [(4, 3),
   (5, 3),
   (6, 3),
   (7, 3),
   (7, 4),
   (7, 5),
   (7, 6),
   (7, 7),
   (7, 8),
   (7, 9),
   (7, 10),
   (8, 10),
   (8, 11)],
  [(8, 11), (9, 11), (10, 11), (10, 12), (10, 13), (10, 14)]],
 [[(10, 15),
   (9, 15),
   (8, 15),
   (7, 15),
   (7, 14),
   (7, 13),
   (7, 12),
   (7, 11),
   (6, 11),
   (5, 11),
   (4, 11)],
  [(4, 11),
   (4, 10),
   (3, 10),
   (2, 10),
   (1, 10),
   (1, 9),
   (1, 8),
   (1, 7),
   (2, 7),
   (3, 7),
   (4, 7)],
  [(4, 7), (4, 6)],
  [(4, 6)],
  [(4, 6)],
  [(4, 6),
   (4, 7),
   (3, 7),
   (2, 7),
   (1, 7),
   (1, 8),
   (1, 9),
   (1, 10),
   (2, 10),
   (3, 10),
   (4, 10)],
  [(4, 10)],
  [(4, 10),
   (3, 10),
   (2, 10),
   (1, 10),
   (1, 9),
   (1, 8),
   (1, 7),
   (1, 6),
   (1, 5),
   (1, 4),
   (1, 3),
   (2, 3),
   (3, 3),
   (4, 3),
   (4, 2)],
  [(4, 2),
   (5, 2),
   (6, 2),
   (7, 2),
   (7, 3),
   (7, 4),
   (7, 5),
   (7, 6),
   (8, 6),
   (8, 7)],
  [(8, 7),
   (9, 7),
   (10, 7),
   (10, 8),
   (10, 9),
   (10, 10),
   (10, 11),
   (10, 12),
   (10, 13),
   (10, 14)]],
 [[(10, 15), (9, 15), (8, 15), (7, 15), (6, 15), (5, 15), (4, 15)],
  [(4, 15), (4, 14)],
  [(4, 14), (4, 15)],
  [(4, 15),
   (5, 15),
   (6, 15),
   (7, 15),
   (7, 14),
   (7, 13),
   (7, 12),
   (7, 11),
   (8, 11)],
  [(8, 11), (9, 11), (10, 11), (10, 12), (10, 13), (10, 14)]],
 [[(10, 15),
   (9, 15),
   (8, 15),
   (7, 15),
   (7, 14),
   (7, 13),
   (7, 12),
   (7, 11),
   (7, 10),
   (7, 9),
   (7, 8),
   (7, 7),
   (6, 7),
   (5, 7),
   (4, 7)],
  [(4, 7), (4, 6)],
  [(4, 6),
   (4, 7),
   (3, 7),
   (2, 7),
   (1, 7),
   (1, 8),
   (1, 9),
   (1, 10),
   (2, 10),
   (3, 10),
   (4, 10)],
  [(4, 10), (5, 10), (6, 10), (7, 10), (8, 10), (8, 11)],
  [(8, 11), (9, 11), (10, 11), (10, 12), (10, 13), (10, 14)]],
 [[(10, 15),
   (9, 15),
   (8, 15),
   (7, 15),
   (7, 14),
   (7, 13),
   (7, 12),
   (7, 11),
   (7, 10),
   (7, 9),
   (7, 8),
   (7, 7),
   (7, 6),
   (7, 5),
   (7, 4),
   (7, 3),
   (6, 3),
   (5, 3),
   (4, 3),
   (4, 2)],
  [(4, 2)],
  [(4, 2),
   (5, 2),
   (6, 2),
   (7, 2),
   (7, 3),
   (7, 4),
   (7, 5),
   (7, 6),
   (7, 7),
   (7, 8),
   (7, 9),
   (7, 10),
   (8, 10),
   (8, 11)],
  [(8, 11), (9, 11), (10, 11), (10, 12), (10, 13), (10, 14)]],
 [[(10, 15),
   (9, 15),
   (8, 15),
   (7, 15),
   (7, 14),
   (7, 13),
   (7, 12),
   (7, 11),
   (6, 11),
   (5, 11),
   (4, 11)],
  [(4, 11), (4, 10)],
  [(4, 10), (4, 11)],
  [(4, 11), (4, 10)],
  [(4, 10), (4, 11)],
  [(4, 11),
   (4, 10),
   (3, 10),
   (2, 10),
   (1, 10),
   (1, 9),
   (1, 8),
   (1, 7),
   (2, 7),
   (3, 7),
   (4, 7),
   (4, 6)],
  [(4, 6)],
  [(4, 6), (4, 7)],
  [(4, 7), (5, 7), (6, 7), (7, 7), (8, 7)],
  [(8, 7),
   (9, 7),
   (10, 7),
   (10, 8),
   (10, 9),
   (10, 10),
   (10, 11),
   (10, 12),
   (10, 13),
   (10, 14)]],
 [[(10, 15),
   (9, 15),
   (8, 15),
   (7, 15),
   (7, 14),
   (7, 13),
   (7, 12),
   (7, 11),
   (7, 10),
   (7, 9),
   (7, 8),
   (7, 7),
   (6, 7),
   (5, 7),
   (4, 7),
   (4, 6)],
  [(4, 6)],
  [(4, 6), (5, 6), (6, 6), (7, 6), (7, 5), (7, 4), (7, 3), (8, 3)],
  [(8, 3),
   (9, 3),
   (10, 3),
   (10, 4),
   (10, 5),
   (10, 6),
   (10, 7),
   (10, 8),
   (10, 9),
   (10, 10),
   (10, 11),
   (10, 12),
   (10, 13),
   (10, 14)]],
 [[(10, 15),
   (9, 15),
   (8, 15),
   (7, 15),
   (7, 14),
   (7, 13),
   (7, 12),
   (7, 11),
   (6, 11),
   (5, 11),
   (4, 11),
   (4, 10)],
  [(4, 10),
   (4, 11),
   (3, 11),
   (2, 11),
   (1, 11),
   (1, 12),
   (1, 13),
   (1, 14),
   (2, 14),
   (3, 14),
   (4, 14),
   (4, 15)],
  [(4, 15),
   (5, 15),
   (6, 15),
   (7, 15),
   (7, 14),
   (7, 13),
   (7, 12),
   (7, 11),
   (8, 11)],
  [(8, 11), (9, 11), (10, 11), (10, 12), (10, 13), (10, 14)]],
 [[(10, 15),
   (9, 15),
   (8, 15),
   (7, 15),
   (7, 14),
   (7, 13),
   (7, 12),
   (7, 11),
   (7, 10),
   (7, 9),
   (7, 8),
   (7, 7),
   (7, 6),
   (7, 5),
   (7, 4),
   (7, 3),
   (6, 3),
   (5, 3),
   (4, 3)],
  [(4, 3)],
  [(4, 3), (5, 3), (6, 3), (7, 3), (7, 4), (7, 5), (7, 6), (8, 6), (8, 7)],
  [(8, 7),
   (9, 7),
   (10, 7),
   (10, 8),
   (10, 9),
   (10, 10),
   (10, 11),
   (10, 12),
   (10, 13),
   (10, 14)]],
 [[(10, 15),
   (9, 15),
   (8, 15),
   (7, 15),
   (7, 14),
   (7, 13),
   (7, 12),
   (7, 11),
   (6, 11),
   (5, 11),
   (4, 11),
   (4, 10)],
  [(4, 10), (5, 10), (6, 10), (7, 10), (8, 10), (8, 11)],
  [(8, 11), (9, 11), (10, 11), (10, 12), (10, 13), (10, 14)]],
 [[(10, 15),
   (9, 15),
   (8, 15),
   (7, 15),
   (7, 14),
   (7, 13),
   (7, 12),
   (7, 11),
   (7, 10),
   (7, 9),
   (7, 8),
   (7, 7),
   (7, 6),
   (7, 5),
   (7, 4),
   (7, 3),
   (6, 3),
   (5, 3),
   (4, 3),
   (4, 2)],
  [(4, 2), (4, 3)],
  [(4, 3),
   (5, 3),
   (6, 3),
   (7, 3),
   (7, 4),
   (7, 5),
   (7, 6),
   (7, 7),
   (7, 8),
   (7, 9),
   (7, 10),
   (8, 10),
   (8, 11)],
  [(8, 11), (9, 11), (10, 11), (10, 12), (10, 13), (10, 14)]],
 [[(10, 15),
   (9, 15),
   (8, 15),
   (7, 15),
   (7, 14),
   (7, 13),
   (7, 12),
   (7, 11),
   (7, 10),
   (7, 9),
   (7, 8),
   (7, 7),
   (7, 6),
   (7, 5),
   (7, 4),
   (7, 3),
   (6, 3),
   (5, 3),
   (4, 3),
   (4, 2)],
  [(4, 2), (4, 3)],
  [(4, 3)],
  [(4, 3), (4, 2)],
  [(4, 2), (4, 3)],
  [(4, 3),
   (5, 3),
   (6, 3),
   (7, 3),
   (7, 4),
   (7, 5),
   (7, 6),
   (7, 7),
   (7, 8),
   (7, 9),
   (7, 10),
   (8, 10),
   (8, 11)],
  [(8, 11), (9, 11), (10, 11), (10, 12), (10, 13), (10, 14)]],
 [[(10, 15),
   (9, 15),
   (8, 15),
   (7, 15),
   (7, 14),
   (7, 13),
   (7, 12),
   (7, 11),
   (6, 11),
   (5, 11),
   (4, 11),
   (4, 10)],
  [(4, 10), (4, 11)],
  [(4, 11)],
  [(4, 11),
   (4, 10),
   (3, 10),
   (2, 10),
   (1, 10),
   (1, 9),
   (1, 8),
   (1, 7),
   (1, 6),
   (1, 5),
   (1, 4),
   (1, 3),
   (2, 3),
   (3, 3),
   (4, 3)],
  [(4, 3),
   (3, 3),
   (2, 3),
   (1, 3),
   (1, 4),
   (1, 5),
   (1, 6),
   (1, 7),
   (1, 8),
   (1, 9),
   (1, 10),
   (2, 10),
   (3, 10),
   (4, 10),
   (4, 11)],
  [(4, 11)],
  [(4, 11),
   (4, 10),
   (3, 10),
   (2, 10),
   (1, 10),
   (1, 9),
   (1, 8),
   (1, 7),
   (1, 6),
   (1, 5),
   (1, 4),
   (1, 3),
   (2, 3),
   (3, 3),
   (4, 3),
   (4, 2)],
  [(4, 2), (5, 2), (6, 2), (7, 2), (8, 2), (8, 3)],
  [(8, 3),
   (9, 3),
   (10, 3),
   (10, 4),
   (10, 5),
   (10, 6),
   (10, 7),
   (10, 8),
   (10, 9),
   (10, 10),
   (10, 11),
   (10, 12),
   (10, 13),
   (10, 14)]],
 [[(10, 15), (9, 15), (8, 15), (7, 15), (6, 15), (5, 15), (4, 15)],
  [(4, 15), (4, 14)],
  [(4, 14), (4, 15)],
  [(4, 15)],
  [(4, 15),
   (4, 14),
   (3, 14),
   (2, 14),
   (1, 14),
   (1, 13),
   (1, 12),
   (1, 11),
   (1, 10),
   (1, 9),
   (1, 8),
   (1, 7),
   (2, 7),
   (3, 7),
   (4, 7),
   (4, 6)],
  [(4, 6), (4, 7)],
  [(4, 7), (4, 6)],
  [(4, 6), (4, 7)],
  [(4, 7)],
  [(4, 7),
   (3, 7),
   (2, 7),
   (1, 7),
   (1, 8),
   (1, 9),
   (1, 10),
   (1, 11),
   (1, 12),
   (1, 13),
   (1, 14),
   (2, 14),
   (3, 14),
   (4, 14),
   (4, 15)],
  [(4, 15),
   (5, 15),
   (6, 15),
   (7, 15),
   (7, 14),
   (7, 13),
   (7, 12),
   (7, 11),
   (8, 11)],
  [(8, 11), (9, 11), (10, 11), (10, 12), (10, 13), (10, 14)]],
 [[(10, 15),
   (9, 15),
   (8, 15),
   (7, 15),
   (7, 14),
   (7, 13),
   (7, 12),
   (7, 11),
   (6, 11),
   (5, 11),
   (4, 11),
   (4, 10)],
  [(4, 10)],
  [(4, 10), (5, 10), (6, 10), (7, 10), (8, 10), (8, 11)],
  [(8, 11), (9, 11), (10, 11), (10, 12), (10, 13), (10, 14)]],
 [[(10, 15), (9, 15), (8, 15), (7, 15), (6, 15), (5, 15), (4, 15), (4, 14)],
  [(4, 14),
   (3, 14),
   (2, 14),
   (1, 14),
   (1, 13),
   (1, 12),
   (1, 11),
   (1, 10),
   (1, 9),
   (1, 8),
   (1, 7),
   (2, 7),
   (3, 7),
   (4, 7)],
  [(4, 7)],
  [(4, 7)],
  [(4, 7)],
  [(4, 7), (4, 6)],
  [(4, 6)],
  [(4, 6),
   (4, 7),
   (3, 7),
   (2, 7),
   (1, 7),
   (1, 8),
   (1, 9),
   (1, 10),
   (1, 11),
   (1, 12),
   (1, 13),
   (1, 14),
   (2, 14),
   (3, 14),
   (4, 14)],
  [(4, 14)],
  [(4, 14)],
  [(4, 14),
   (3, 14),
   (2, 14),
   (1, 14),
   (1, 13),
   (1, 12),
   (1, 11),
   (1, 10),
   (1, 9),
   (1, 8),
   (1, 7),
   (1, 6),
   (1, 5),
   (1, 4),
   (1, 3),
   (2, 3),
   (3, 3),
   (4, 3)],
  [(4, 3)],
  [(4, 3), (5, 3), (6, 3), (7, 3), (7, 4), (7, 5), (7, 6), (8, 6), (8, 7)],
  [(8, 7),
   (9, 7),
   (10, 7),
   (10, 8),
   (10, 9),
   (10, 10),
   (10, 11),
   (10, 12),
   (10, 13),
   (10, 14)]],
 [[(10, 15),
   (9, 15),
   (8, 15),
   (7, 15),
   (7, 14),
   (7, 13),
   (7, 12),
   (7, 11),
   (7, 10),
   (7, 9),
   (7, 8),
   (7, 7),
   (7, 6),
   (7, 5),
   (7, 4),
   (7, 3),
   (6, 3),
   (5, 3),
   (4, 3),
   (4, 2)],
  [(4, 2),
   (4, 3),
   (3, 3),
   (2, 3),
   (1, 3),
   (1, 4),
   (1, 5),
   (1, 6),
   (1, 7),
   (1, 8),
   (1, 9),
   (1, 10),
   (1, 11),
   (1, 12),
   (1, 13),
   (1, 14),
   (2, 14),
   (3, 14),
   (4, 14),
   (4, 15)],
  [(4, 15),
   (5, 15),
   (6, 15),
   (7, 15),
   (7, 14),
   (7, 13),
   (7, 12),
   (7, 11),
   (7, 10),
   (7, 9),
   (7, 8),
   (7, 7),
   (8, 7)],
  [(8, 7),
   (9, 7),
   (10, 7),
   (10, 8),
   (10, 9),
   (10, 10),
   (10, 11),
   (10, 12),
   (10, 13),
   (10, 14)]],
 [[(10, 15),
   (9, 15),
   (8, 15),
   (7, 15),
   (7, 14),
   (7, 13),
   (7, 12),
   (7, 11),
   (7, 10),
   (7, 9),
   (7, 8),
   (7, 7),
   (6, 7),
   (5, 7),
   (4, 7)],
  [(4, 7), (4, 6)],
  [(4, 6), (4, 7)],
  [(4, 7),
   (3, 7),
   (2, 7),
   (1, 7),
   (1, 8),
   (1, 9),
   (1, 10),
   (1, 11),
   (1, 12),
   (1, 13),
   (1, 14),
   (2, 14),
   (3, 14),
   (4, 14),
   (4, 15)],
  [(4, 15),
   (5, 15),
   (6, 15),
   (7, 15),
   (7, 14),
   (7, 13),
   (7, 12),
   (7, 11),
   (7, 10),
   (7, 9),
   (7, 8),
   (7, 7),
   (7, 6),
   (7, 5),
   (7, 4),
   (7, 3),
   (8, 3)],
  [(8, 3),
   (9, 3),
   (10, 3),
   (10, 4),
   (10, 5),
   (10, 6),
   (10, 7),
   (10, 8),
   (10, 9),
   (10, 10),
   (10, 11),
   (10, 12),
   (10, 13),
   (10, 14)]],
 [[(10, 15),
   (9, 15),
   (8, 15),
   (7, 15),
   (7, 14),
   (7, 13),
   (7, 12),
   (7, 11),
   (7, 10),
   (7, 9),
   (7, 8),
   (7, 7),
   (6, 7),
   (5, 7),
   (4, 7)],
  [(4, 7), (4, 6)],
  [(4, 6), (5, 6), (6, 6), (7, 6), (8, 6), (8, 7)],
  [(8, 7),
   (9, 7),
   (10, 7),
   (10, 8),
   (10, 9),
   (10, 10),
   (10, 11),
   (10, 12),
   (10, 13),
   (10, 14)]],
 [[(10, 15),
   (9, 15),
   (8, 15),
   (7, 15),
   (7, 14),
   (7, 13),
   (7, 12),
   (7, 11),
   (7, 10),
   (7, 9),
   (7, 8),
   (7, 7),
   (7, 6),
   (7, 5),
   (7, 4),
   (7, 3),
   (6, 3),
   (5, 3),
   (4, 3),
   (4, 2)],
  [(4, 2),
   (4, 3),
   (3, 3),
   (2, 3),
   (1, 3),
   (1, 4),
   (1, 5),
   (1, 6),
   (1, 7),
   (1, 8),
   (1, 9),
   (1, 10),
   (1, 11),
   (1, 12),
   (1, 13),
   (1, 14),
   (2, 14),
   (3, 14),
   (4, 14)],
  [(4, 14)],
  [(4, 14),
   (3, 14),
   (2, 14),
   (1, 14),
   (1, 13),
   (1, 12),
   (1, 11),
   (1, 10),
   (1, 9),
   (1, 8),
   (1, 7),
   (1, 6),
   (1, 5),
   (1, 4),
   (1, 3),
   (2, 3),
   (3, 3),
   (4, 3)],
  [(4, 3),
   (5, 3),
   (6, 3),
   (7, 3),
   (7, 4),
   (7, 5),
   (7, 6),
   (7, 7),
   (7, 8),
   (7, 9),
   (7, 10),
   (8, 10),
   (8, 11)],
  [(8, 11), (9, 11), (10, 11), (10, 12), (10, 13), (10, 14)]],
 [[(10, 15),
   (9, 15),
   (8, 15),
   (7, 15),
   (7, 14),
   (7, 13),
   (7, 12),
   (7, 11),
   (7, 10),
   (7, 9),
   (7, 8),
   (7, 7),
   (6, 7),
   (5, 7),
   (4, 7)],
  [(4, 7)],
  [(4, 7), (4, 6)],
  [(4, 6),
   (3, 6),
   (2, 6),
   (1, 6),
   (1, 5),
   (1, 4),
   (1, 3),
   (2, 3),
   (3, 3),
   (4, 3)],
  [(4, 3)],
  [(4, 3), (4, 2)],
  [(4, 2),
   (4, 3),
   (3, 3),
   (2, 3),
   (1, 3),
   (1, 4),
   (1, 5),
   (1, 6),
   (1, 7),
   (1, 8),
   (1, 9),
   (1, 10),
   (2, 10),
   (3, 10),
   (4, 10),
   (4, 11)],
  [(4, 11)],
  [(4, 11), (4, 10)],
  [(4, 10),
   (3, 10),
   (2, 10),
   (1, 10),
   (1, 9),
   (1, 8),
   (1, 7),
   (1, 6),
   (1, 5),
   (1, 4),
   (1, 3),
   (2, 3),
   (3, 3),
   (4, 3),
   (4, 2)],
  [(4, 2)],
  [(4, 2), (4, 3)],
  [(4, 3),
   (5, 3),
   (6, 3),
   (7, 3),
   (7, 4),
   (7, 5),
   (7, 6),
   (7, 7),
   (7, 8),
   (7, 9),
   (7, 10),
   (8, 10),
   (8, 11)],
  [(8, 11), (9, 11), (10, 11), (10, 12), (10, 13), (10, 14)]],
 [[(10, 15), (9, 15), (8, 15), (7, 15), (6, 15), (5, 15), (4, 15), (4, 14)],
  [(4, 14), (4, 15)],
  [(4, 15),
   (5, 15),
   (6, 15),
   (7, 15),
   (7, 14),
   (7, 13),
   (7, 12),
   (7, 11),
   (7, 10),
   (7, 9),
   (7, 8),
   (7, 7),
   (8, 7)],
  [(8, 7),
   (9, 7),
   (10, 7),
   (10, 8),
   (10, 9),
   (10, 10),
   (10, 11),
   (10, 12),
   (10, 13),
   (10, 14)]],
 [[(10, 15),
   (9, 15),
   (8, 15),
   (7, 15),
   (7, 14),
   (7, 13),
   (7, 12),
   (7, 11),
   (6, 11),
   (5, 11),
   (4, 11),
   (4, 10)],
  [(4, 10), (4, 11)],
  [(4, 11),
   (4, 10),
   (3, 10),
   (2, 10),
   (1, 10),
   (1, 9),
   (1, 8),
   (1, 7),
   (2, 7),
   (3, 7),
   (4, 7)],
  [(4, 7)],
  [(4, 7), (5, 7), (6, 7), (7, 7), (7, 6), (7, 5), (7, 4), (7, 3), (8, 3)],
  [(8, 3),
   (9, 3),
   (10, 3),
   (10, 4),
   (10, 5),
   (10, 6),
   (10, 7),
   (10, 8),
   (10, 9),
   (10, 10),
   (10, 11),
   (10, 12),
   (10, 13),
   (10, 14)]],
 [[(10, 15), (9, 15), (8, 15), (7, 15), (6, 15), (5, 15), (4, 15), (4, 14)],
  [(4, 14), (5, 14), (6, 14), (7, 14), (7, 13), (7, 12), (7, 11), (8, 11)],
  [(8, 11), (9, 11), (10, 11), (10, 12), (10, 13), (10, 14)]],
 [[(10, 15),
   (9, 15),
   (8, 15),
   (7, 15),
   (7, 14),
   (7, 13),
   (7, 12),
   (7, 11),
   (7, 10),
   (7, 9),
   (7, 8),
   (7, 7),
   (7, 6),
   (7, 5),
   (7, 4),
   (7, 3),
   (6, 3),
   (5, 3),
   (4, 3)],
  [(4, 3),
   (3, 3),
   (2, 3),
   (1, 3),
   (1, 4),
   (1, 5),
   (1, 6),
   (1, 7),
   (1, 8),
   (1, 9),
   (1, 10),
   (2, 10),
   (3, 10),
   (4, 10)],
  [(4, 10),
   (3, 10),
   (2, 10),
   (1, 10),
   (1, 9),
   (1, 8),
   (1, 7),
   (1, 6),
   (1, 5),
   (1, 4),
   (1, 3),
   (2, 3),
   (3, 3),
   (4, 3),
   (4, 2)],
  [(4, 2), (5, 2), (6, 2), (7, 2), (8, 2), (8, 3)],
  [(8, 3),
   (9, 3),
   (10, 3),
   (10, 4),
   (10, 5),
   (10, 6),
   (10, 7),
   (10, 8),
   (10, 9),
   (10, 10),
   (10, 11),
   (10, 12),
   (10, 13),
   (10, 14)]],
 [[(10, 15),
   (9, 15),
   (8, 15),
   (7, 15),
   (7, 14),
   (7, 13),
   (7, 12),
   (7, 11),
   (6, 11),
   (5, 11),
   (4, 11),
   (4, 10)],
  [(4, 10),
   (3, 10),
   (2, 10),
   (1, 10),
   (1, 9),
   (1, 8),
   (1, 7),
   (1, 6),
   (1, 5),
   (1, 4),
   (1, 3),
   (2, 3),
   (3, 3),
   (4, 3)],
  [(4, 3),
   (3, 3),
   (2, 3),
   (1, 3),
   (1, 4),
   (1, 5),
   (1, 6),
   (1, 7),
   (1, 8),
   (1, 9),
   (1, 10),
   (1, 11),
   (1, 12),
   (1, 13),
   (1, 14),
   (2, 14),
   (3, 14),
   (4, 14),
   (4, 15)],
  [(4, 15), (4, 14)],
  [(4, 14), (5, 14), (6, 14), (7, 14), (7, 13), (7, 12), (7, 11), (8, 11)],
  [(8, 11), (9, 11), (10, 11), (10, 12), (10, 13), (10, 14)]],
 [[(10, 15),
   (9, 15),
   (8, 15),
   (7, 15),
   (7, 14),
   (7, 13),
   (7, 12),
   (7, 11),
   (7, 10),
   (7, 9),
   (7, 8),
   (7, 7),
   (6, 7),
   (5, 7),
   (4, 7)],
  [(4, 7), (5, 7), (6, 7), (7, 7), (7, 8), (7, 9), (7, 10), (8, 10), (8, 11)],
  [(8, 11), (9, 11), (10, 11), (10, 12), (10, 13), (10, 14)]],
 [[(10, 15), (9, 15), (8, 15), (7, 15), (6, 15), (5, 15), (4, 15), (4, 14)],
  [(4, 14),
   (3, 14),
   (2, 14),
   (1, 14),
   (1, 13),
   (1, 12),
   (1, 11),
   (1, 10),
   (1, 9),
   (1, 8),
   (1, 7),
   (1, 6),
   (1, 5),
   (1, 4),
   (1, 3),
   (2, 3),
   (3, 3),
   (4, 3)],
  [(4, 3), (4, 2)],
  [(4, 2),
   (5, 2),
   (6, 2),
   (7, 2),
   (7, 3),
   (7, 4),
   (7, 5),
   (7, 6),
   (7, 7),
   (7, 8),
   (7, 9),
   (7, 10),
   (8, 10),
   (8, 11)],
  [(8, 11), (9, 11), (10, 11), (10, 12), (10, 13), (10, 14)]],
 [[(10, 15), (9, 15), (8, 15), (7, 15), (6, 15), (5, 15), (4, 15), (4, 14)],
  [(4, 14),
   (3, 14),
   (2, 14),
   (1, 14),
   (1, 13),
   (1, 12),
   (1, 11),
   (1, 10),
   (1, 9),
   (1, 8),
   (1, 7),
   (2, 7),
   (3, 7),
   (4, 7),
   (4, 6)],
  [(4, 6)],
  [(4, 6), (4, 7)],
  [(4, 7), (4, 6)],
  [(4, 6)],
  [(4, 6)],
  [(4, 6)],
  [(4, 6),
   (4, 7),
   (3, 7),
   (2, 7),
   (1, 7),
   (1, 8),
   (1, 9),
   (1, 10),
   (2, 10),
   (3, 10),
   (4, 10)],
  [(4, 10), (4, 11)],
  [(4, 11), (5, 11), (6, 11), (7, 11), (8, 11)],
  [(8, 11), (9, 11), (10, 11), (10, 12), (10, 13), (10, 14)]],
 [[(10, 15), (9, 15), (8, 15), (7, 15), (6, 15), (5, 15), (4, 15), (4, 14)],
  [(4, 14)],
  [(4, 14)],
  [(4, 14),
   (3, 14),
   (2, 14),
   (1, 14),
   (1, 13),
   (1, 12),
   (1, 11),
   (1, 10),
   (1, 9),
   (1, 8),
   (1, 7),
   (2, 7),
   (3, 7),
   (4, 7),
   (4, 6)],
  [(4, 6),
   (3, 6),
   (2, 6),
   (1, 6),
   (1, 5),
   (1, 4),
   (1, 3),
   (2, 3),
   (3, 3),
   (4, 3),
   (4, 2)],
  [(4, 2)],
  [(4, 2),
   (4, 3),
   (3, 3),
   (2, 3),
   (1, 3),
   (1, 4),
   (1, 5),
   (1, 6),
   (1, 7),
   (1, 8),
   (1, 9),
   (1, 10),
   (1, 11),
   (1, 12),
   (1, 13),
   (1, 14),
   (2, 14),
   (3, 14),
   (4, 14),
   (4, 15)],
  [(4, 15), (4, 14)],
  [(4, 14)],
  [(4, 14),
   (5, 14),
   (6, 14),
   (7, 14),
   (7, 13),
   (7, 12),
   (7, 11),
   (7, 10),
   (7, 9),
   (7, 8),
   (7, 7),
   (8, 7)],
  [(8, 7),
   (9, 7),
   (10, 7),
   (10, 8),
   (10, 9),
   (10, 10),
   (10, 11),
   (10, 12),
   (10, 13),
   (10, 14)]],
 [[(10, 15), (9, 15), (8, 15), (7, 15), (6, 15), (5, 15), (4, 15)],
  [(4, 15), (4, 14)],
  [(4, 14)],
  [(4, 14)],
  [(4, 14), (4, 15)],
  [(4, 15), (4, 14)],
  [(4, 14), (4, 15)],
  [(4, 15), (4, 14)],
  [(4, 14), (4, 15)],
  [(4, 15), (4, 14)],
  [(4, 14),
   (3, 14),
   (2, 14),
   (1, 14),
   (1, 13),
   (1, 12),
   (1, 11),
   (1, 10),
   (1, 9),
   (1, 8),
   (1, 7),
   (2, 7),
   (3, 7),
   (4, 7)],
  [(4, 7),
   (3, 7),
   (2, 7),
   (1, 7),
   (1, 8),
   (1, 9),
   (1, 10),
   (1, 11),
   (1, 12),
   (1, 13),
   (1, 14),
   (2, 14),
   (3, 14),
   (4, 14),
   (4, 15)],
  [(4, 15), (4, 14)],
  [(4, 14),
   (5, 14),
   (6, 14),
   (7, 14),
   (7, 13),
   (7, 12),
   (7, 11),
   (7, 10),
   (7, 9),
   (7, 8),
   (7, 7),
   (7, 6),
   (7, 5),
   (7, 4),
   (7, 3),
   (8, 3)],
  [(8, 3),
   (9, 3),
   (10, 3),
   (10, 4),
   (10, 5),
   (10, 6),
   (10, 7),
   (10, 8),
   (10, 9),
   (10, 10),
   (10, 11),
   (10, 12),
   (10, 13),
   (10, 14)]],
 [[(10, 15),
   (9, 15),
   (8, 15),
   (7, 15),
   (7, 14),
   (7, 13),
   (7, 12),
   (7, 11),
   (7, 10),
   (7, 9),
   (7, 8),
   (7, 7),
   (6, 7),
   (5, 7),
   (4, 7),
   (4, 6)],
  [(4, 6), (4, 7)],
  [(4, 7), (4, 6)],
  [(4, 6), (4, 7)],
  [(4, 7)],
  [(4, 7), (5, 7), (6, 7), (7, 7), (7, 6), (7, 5), (7, 4), (7, 3), (8, 3)],
  [(8, 3),
   (9, 3),
   (10, 3),
   (10, 4),
   (10, 5),
   (10, 6),
   (10, 7),
   (10, 8),
   (10, 9),
   (10, 10),
   (10, 11),
   (10, 12),
   (10, 13),
   (10, 14)]],
 [[(10, 15),
   (9, 15),
   (8, 15),
   (7, 15),
   (7, 14),
   (7, 13),
   (7, 12),
   (7, 11),
   (7, 10),
   (7, 9),
   (7, 8),
   (7, 7),
   (6, 7),
   (5, 7),
   (4, 7),
   (4, 6)],
  [(4, 6),
   (4, 7),
   (3, 7),
   (2, 7),
   (1, 7),
   (1, 8),
   (1, 9),
   (1, 10),
   (1, 11),
   (1, 12),
   (1, 13),
   (1, 14),
   (2, 14),
   (3, 14),
   (4, 14)],
  [(4, 14)],
  [(4, 14),
   (3, 14),
   (2, 14),
   (1, 14),
   (1, 13),
   (1, 12),
   (1, 11),
   (1, 10),
   (1, 9),
   (1, 8),
   (1, 7),
   (2, 7),
   (3, 7),
   (4, 7)],
  [(4, 7), (5, 7), (6, 7), (7, 7), (8, 7)],
  [(8, 7),
   (9, 7),
   (10, 7),
   (10, 8),
   (10, 9),
   (10, 10),
   (10, 11),
   (10, 12),
   (10, 13),
   (10, 14)]],
 [[(10, 15), (9, 15), (8, 15), (7, 15), (6, 15), (5, 15), (4, 15)],
  [(4, 15),
   (4, 14),
   (3, 14),
   (2, 14),
   (1, 14),
   (1, 13),
   (1, 12),
   (1, 11),
   (1, 10),
   (1, 9),
   (1, 8),
   (1, 7),
   (2, 7),
   (3, 7),
   (4, 7),
   (4, 6)],
  [(4, 6)],
  [(4, 6), (4, 7)],
  [(4, 7), (4, 6)],
  [(4, 6), (4, 7)],
  [(4, 7), (4, 6)],
  [(4, 6)],
  [(4, 6), (4, 7)],
  [(4, 7)],
  [(4, 7), (5, 7), (6, 7), (7, 7), (7, 8), (7, 9), (7, 10), (8, 10), (8, 11)],
  [(8, 11), (9, 11), (10, 11), (10, 12), (10, 13), (10, 14)]],
 [[(10, 15),
   (9, 15),
   (8, 15),
   (7, 15),
   (7, 14),
   (7, 13),
   (7, 12),
   (7, 11),
   (6, 11),
   (5, 11),
   (4, 11),
   (4, 10)],
  [(4, 10),
   (3, 10),
   (2, 10),
   (1, 10),
   (1, 9),
   (1, 8),
   (1, 7),
   (1, 6),
   (1, 5),
   (1, 4),
   (1, 3),
   (2, 3),
   (3, 3),
   (4, 3)],
  [(4, 3),
   (3, 3),
   (2, 3),
   (1, 3),
   (1, 4),
   (1, 5),
   (1, 6),
   (1, 7),
   (1, 8),
   (1, 9),
   (1, 10),
   (1, 11),
   (1, 12),
   (1, 13),
   (1, 14),
   (2, 14),
   (3, 14),
   (4, 14)],
  [(4, 14), (4, 15)],
  [(4, 15)],
  [(4, 15), (4, 14)],
  [(4, 14),
   (3, 14),
   (2, 14),
   (1, 14),
   (1, 13),
   (1, 12),
   (1, 11),
   (2, 11),
   (3, 11),
   (4, 11)],
  [(4, 11),
   (3, 11),
   (2, 11),
   (1, 11),
   (1, 12),
   (1, 13),
   (1, 14),
   (2, 14),
   (3, 14),
   (4, 14),
   (4, 15)],
  [(4, 15),
   (5, 15),
   (6, 15),
   (7, 15),
   (7, 14),
   (7, 13),
   (7, 12),
   (7, 11),
   (8, 11)],
  [(8, 11), (9, 11), (10, 11), (10, 12), (10, 13), (10, 14)]],
 [[(10, 15),
   (9, 15),
   (8, 15),
   (7, 15),
   (7, 14),
   (7, 13),
   (7, 12),
   (7, 11),
   (7, 10),
   (7, 9),
   (7, 8),
   (7, 7),
   (6, 7),
   (5, 7),
   (4, 7)],
  [(4, 7)],
  [(4, 7)],
  [(4, 7), (4, 6)],
  [(4, 6), (4, 7)],
  [(4, 7), (5, 7), (6, 7), (7, 7), (7, 8), (7, 9), (7, 10), (8, 10), (8, 11)],
  [(8, 11), (9, 11), (10, 11), (10, 12), (10, 13), (10, 14)]],
 [[(10, 15), (9, 15), (8, 15), (7, 15), (6, 15), (5, 15), (4, 15), (4, 14)],
  [(4, 14), (4, 15)],
  [(4, 15), (4, 14)],
  [(4, 14)],
  [(4, 14)],
  [(4, 14)],
  [(4, 14), (4, 15)],
  [(4, 15), (4, 14)],
  [(4, 14),
   (3, 14),
   (2, 14),
   (1, 14),
   (1, 13),
   (1, 12),
   (1, 11),
   (1, 10),
   (1, 9),
   (1, 8),
   (1, 7),
   (2, 7),
   (3, 7),
   (4, 7),
   (4, 6)],
  [(4, 6),
   (4, 7),
   (3, 7),
   (2, 7),
   (1, 7),
   (1, 8),
   (1, 9),
   (1, 10),
   (2, 10),
   (3, 10),
   (4, 10),
   (4, 11)],
  [(4, 11)],
  [(4, 11)],
  [(4, 11),
   (4, 10),
   (3, 10),
   (2, 10),
   (1, 10),
   (1, 9),
   (1, 8),
   (1, 7),
   (2, 7),
   (3, 7),
   (4, 7),
   (4, 6)],
  [(4, 6), (4, 7)],
  [(4, 7)],
  [(4, 7)],
  [(4, 7)],
  [(4, 7)],
  [(4, 7),
   (4, 6),
   (3, 6),
   (2, 6),
   (1, 6),
   (1, 5),
   (1, 4),
   (1, 3),
   (2, 3),
   (3, 3),
   (4, 3),
   (4, 2)],
  [(4, 2)],
  [(4, 2),
   (4, 3),
   (3, 3),
   (2, 3),
   (1, 3),
   (1, 4),
   (1, 5),
   (1, 6),
   (2, 6),
   (3, 6),
   (4, 6),
   (4, 7)],
  [(4, 7), (4, 6)],
  [(4, 6)],
  [(4, 6),
   (4, 7),
   (3, 7),
   (2, 7),
   (1, 7),
   (1, 8),
   (1, 9),
   (1, 10),
   (1, 11),
   (1, 12),
   (1, 13),
   (1, 14),
   (2, 14),
   (3, 14),
   (4, 14),
   (4, 15)],
  [(4, 15), (4, 14)],
  [(4, 14), (4, 15)],
  [(4, 15),
   (4, 14),
   (3, 14),
   (2, 14),
   (1, 14),
   (1, 13),
   (1, 12),
   (1, 11),
   (2, 11),
   (3, 11),
   (4, 11),
   (4, 10)],
  [(4, 10)],
  [(4, 10),
   (3, 10),
   (2, 10),
   (1, 10),
   (1, 9),
   (1, 8),
   (1, 7),
   (2, 7),
   (3, 7),
   (4, 7)],
  [(4, 7), (4, 6)],
  [(4, 6), (4, 7)],
  [(4, 7), (4, 6)],
  [(4, 6), (4, 7)],
  [(4, 7), (5, 7), (6, 7), (7, 7), (7, 8), (7, 9), (7, 10), (8, 10), (8, 11)],
  [(8, 11), (9, 11), (10, 11), (10, 12), (10, 13), (10, 14)]],
 [[(10, 15), (9, 15), (8, 15), (7, 15), (6, 15), (5, 15), (4, 15), (4, 14)],
  [(4, 14)],
  [(4, 14)],
  [(4, 14),
   (3, 14),
   (2, 14),
   (1, 14),
   (1, 13),
   (1, 12),
   (1, 11),
   (1, 10),
   (1, 9),
   (1, 8),
   (1, 7),
   (1, 6),
   (1, 5),
   (1, 4),
   (1, 3),
   (2, 3),
   (3, 3),
   (4, 3),
   (4, 2)],
  [(4, 2), (4, 3)],
  [(4, 3),
   (3, 3),
   (2, 3),
   (1, 3),
   (1, 4),
   (1, 5),
   (1, 6),
   (1, 7),
   (1, 8),
   (1, 9),
   (1, 10),
   (1, 11),
   (1, 12),
   (1, 13),
   (1, 14),
   (2, 14),
   (3, 14),
   (4, 14),
   (4, 15)],
  [(4, 15)],
  [(4, 15), (4, 14)],
  [(4, 14), (4, 15)],
  [(4, 15), (4, 14)],
  [(4, 14), (4, 15)],
  [(4, 15)],
  [(4, 15)],
  [(4, 15), (4, 14)],
  [(4, 14), (5, 14), (6, 14), (7, 14), (7, 13), (7, 12), (7, 11), (8, 11)],
  [(8, 11), (9, 11), (10, 11), (10, 12), (10, 13), (10, 14)]],
 [[(10, 15),
   (9, 15),
   (8, 15),
   (7, 15),
   (7, 14),
   (7, 13),
   (7, 12),
   (7, 11),
   (7, 10),
   (7, 9),
   (7, 8),
   (7, 7),
   (7, 6),
   (7, 5),
   (7, 4),
   (7, 3),
   (6, 3),
   (5, 3),
   (4, 3),
   (4, 2)],
  [(4, 2), (4, 3)],
  [(4, 3), (5, 3), (6, 3), (7, 3), (7, 4), (7, 5), (7, 6), (8, 6), (8, 7)],
  [(8, 7),
   (9, 7),
   (10, 7),
   (10, 8),
   (10, 9),
   (10, 10),
   (10, 11),
   (10, 12),
   (10, 13),
   (10, 14)]],
 [[(10, 15),
   (9, 15),
   (8, 15),
   (7, 15),
   (7, 14),
   (7, 13),
   (7, 12),
   (7, 11),
   (7, 10),
   (7, 9),
   (7, 8),
   (7, 7),
   (6, 7),
   (5, 7),
   (4, 7),
   (4, 6)],
  [(4, 6),
   (3, 6),
   (2, 6),
   (1, 6),
   (1, 5),
   (1, 4),
   (1, 3),
   (2, 3),
   (3, 3),
   (4, 3)],
  [(4, 3), (5, 3), (6, 3), (7, 3), (7, 4), (7, 5), (7, 6), (8, 6), (8, 7)],
  [(8, 7),
   (9, 7),
   (10, 7),
   (10, 8),
   (10, 9),
   (10, 10),
   (10, 11),
   (10, 12),
   (10, 13),
   (10, 14)]],
 [[(10, 15),
   (9, 15),
   (8, 15),
   (7, 15),
   (7, 14),
   (7, 13),
   (7, 12),
   (7, 11),
   (7, 10),
   (7, 9),
   (7, 8),
   (7, 7),
   (6, 7),
   (5, 7),
   (4, 7),
   (4, 6)],
  [(4, 6), (4, 7)],
  [(4, 7), (4, 6)],
  [(4, 6)],
  [(4, 6), (4, 7)],
  [(4, 7), (4, 6)],
  [(4, 6)],
  [(4, 6)],
  [(4, 6), (4, 7)],
  [(4, 7), (4, 6)],
  [(4, 6),
   (3, 6),
   (2, 6),
   (1, 6),
   (1, 5),
   (1, 4),
   (1, 3),
   (2, 3),
   (3, 3),
   (4, 3)],
  [(4, 3), (4, 2)],
  [(4, 2)],
  [(4, 2)],
  [(4, 2),
   (5, 2),
   (6, 2),
   (7, 2),
   (7, 3),
   (7, 4),
   (7, 5),
   (7, 6),
   (8, 6),
   (8, 7)],
  [(8, 7),
   (9, 7),
   (10, 7),
   (10, 8),
   (10, 9),
   (10, 10),
   (10, 11),
   (10, 12),
   (10, 13),
   (10, 14)]],
 [[(10, 15), (9, 15), (8, 15), (7, 15), (6, 15), (5, 15), (4, 15)],
  [(4, 15),
   (4, 14),
   (3, 14),
   (2, 14),
   (1, 14),
   (1, 13),
   (1, 12),
   (1, 11),
   (1, 10),
   (1, 9),
   (1, 8),
   (1, 7),
   (2, 7),
   (3, 7),
   (4, 7)],
  [(4, 7), (4, 6)],
  [(4, 6), (4, 7)],
  [(4, 7)],
  [(4, 7), (4, 6)],
  [(4, 6), (4, 7)],
  [(4, 7)],
  [(4, 7),
   (3, 7),
   (2, 7),
   (1, 7),
   (1, 8),
   (1, 9),
   (1, 10),
   (1, 11),
   (1, 12),
   (1, 13),
   (1, 14),
   (2, 14),
   (3, 14),
   (4, 14)],
  [(4, 14), (4, 15)],
  [(4, 15),
   (5, 15),
   (6, 15),
   (7, 15),
   (7, 14),
   (7, 13),
   (7, 12),
   (7, 11),
   (7, 10),
   (7, 9),
   (7, 8),
   (7, 7),
   (8, 7)],
  [(8, 7),
   (9, 7),
   (10, 7),
   (10, 8),
   (10, 9),
   (10, 10),
   (10, 11),
   (10, 12),
   (10, 13),
   (10, 14)]],
 [[(10, 15),
   (9, 15),
   (8, 15),
   (7, 15),
   (7, 14),
   (7, 13),
   (7, 12),
   (7, 11),
   (7, 10),
   (7, 9),
   (7, 8),
   (7, 7),
   (6, 7),
   (5, 7),
   (4, 7)],
  [(4, 7), (4, 6)],
  [(4, 6), (4, 7)],
  [(4, 7)],
  [(4, 7), (4, 6)],
  [(4, 6)],
  [(4, 6), (4, 7)],
  [(4, 7), (4, 6)],
  [(4, 6)],
  [(4, 6), (4, 7)],
  [(4, 7), (4, 6)],
  [(4, 6)],
  [(4, 6)],
  [(4, 6)],
  [(4, 6), (4, 7)],
  [(4, 7),
   (3, 7),
   (2, 7),
   (1, 7),
   (1, 8),
   (1, 9),
   (1, 10),
   (1, 11),
   (1, 12),
   (1, 13),
   (1, 14),
   (2, 14),
   (3, 14),
   (4, 14)],
  [(4, 14), (4, 15)],
  [(4, 15),
   (4, 14),
   (3, 14),
   (2, 14),
   (1, 14),
   (1, 13),
   (1, 12),
   (1, 11),
   (1, 10),
   (1, 9),
   (1, 8),
   (1, 7),
   (1, 6),
   (1, 5),
   (1, 4),
   (1, 3),
   (2, 3),
   (3, 3),
   (4, 3),
   (4, 2)],
  [(4, 2), (5, 2), (6, 2), (7, 2), (8, 2), (8, 3)],
  [(8, 3),
   (9, 3),
   (10, 3),
   (10, 4),
   (10, 5),
   (10, 6),
   (10, 7),
   (10, 8),
   (10, 9),
   (10, 10),
   (10, 11),
   (10, 12),
   (10, 13),
   (10, 14)]],
 [[(10, 15),
   (9, 15),
   (8, 15),
   (7, 15),
   (7, 14),
   (7, 13),
   (7, 12),
   (7, 11),
   (7, 10),
   (7, 9),
   (7, 8),
   (7, 7),
   (7, 6),
   (7, 5),
   (7, 4),
   (7, 3),
   (6, 3),
   (5, 3),
   (4, 3)],
  [(4, 3), (4, 2)],
  [(4, 2)],
  [(4, 2)],
  [(4, 2)],
  [(4, 2),
   (4, 3),
   (3, 3),
   (2, 3),
   (1, 3),
   (1, 4),
   (1, 5),
   (1, 6),
   (1, 7),
   (1, 8),
   (1, 9),
   (1, 10),
   (1, 11),
   (1, 12),
   (1, 13),
   (1, 14),
   (2, 14),
   (3, 14),
   (4, 14),
   (4, 15)],
  [(4, 15)],
  [(4, 15),
   (5, 15),
   (6, 15),
   (7, 15),
   (7, 14),
   (7, 13),
   (7, 12),
   (7, 11),
   (7, 10),
   (7, 9),
   (7, 8),
   (7, 7),
   (7, 6),
   (7, 5),
   (7, 4),
   (7, 3),
   (8, 3)],
  [(8, 3),
   (9, 3),
   (10, 3),
   (10, 4),
   (10, 5),
   (10, 6),
   (10, 7),
   (10, 8),
   (10, 9),
   (10, 10),
   (10, 11),
   (10, 12),
   (10, 13),
   (10, 14)]],
 [[(10, 15),
   (9, 15),
   (8, 15),
   (7, 15),
   (7, 14),
   (7, 13),
   (7, 12),
   (7, 11),
   (7, 10),
   (7, 9),
   (7, 8),
   (7, 7),
   (6, 7),
   (5, 7),
   (4, 7)],
  [(4, 7), (4, 6)],
  [(4, 6), (4, 7)],
  [(4, 7)],
  [(4, 7), (5, 7), (6, 7), (7, 7), (7, 8), (7, 9), (7, 10), (8, 10), (8, 11)],
  [(8, 11), (9, 11), (10, 11), (10, 12), (10, 13), (10, 14)]],
 [[(10, 15), (9, 15), (8, 15), (7, 15), (6, 15), (5, 15), (4, 15)],
  [(4, 15)],
  [(4, 15), (4, 14)],
  [(4, 14),
   (3, 14),
   (2, 14),
   (1, 14),
   (1, 13),
   (1, 12),
   (1, 11),
   (1, 10),
   (1, 9),
   (1, 8),
   (1, 7),
   (1, 6),
   (1, 5),
   (1, 4),
   (1, 3),
   (2, 3),
   (3, 3),
   (4, 3)],
  [(4, 3)],
  [(4, 3), (4, 2)],
  [(4, 2)],
  [(4, 2)],
  [(4, 2), (4, 3)],
  [(4, 3)],
  [(4, 3),
   (3, 3),
   (2, 3),
   (1, 3),
   (1, 4),
   (1, 5),
   (1, 6),
   (1, 7),
   (1, 8),
   (1, 9),
   (1, 10),
   (1, 11),
   (1, 12),
   (1, 13),
   (1, 14),
   (2, 14),
   (3, 14),
   (4, 14)],
  [(4, 14),
   (3, 14),
   (2, 14),
   (1, 14),
   (1, 13),
   (1, 12),
   (1, 11),
   (2, 11),
   (3, 11),
   (4, 11)],
  [(4, 11),
   (4, 10),
   (3, 10),
   (2, 10),
   (1, 10),
   (1, 9),
   (1, 8),
   (1, 7),
   (1, 6),
   (1, 5),
   (1, 4),
   (1, 3),
   (2, 3),
   (3, 3),
   (4, 3)],
  [(4, 3)],
  [(4, 3)],
  [(4, 3), (4, 2)],
  [(4, 2), (4, 3)],
  [(4, 3)],
  [(4, 3),
   (3, 3),
   (2, 3),
   (1, 3),
   (1, 4),
   (1, 5),
   (1, 6),
   (1, 7),
   (1, 8),
   (1, 9),
   (1, 10),
   (1, 11),
   (1, 12),
   (1, 13),
   (1, 14),
   (2, 14),
   (3, 14),
   (4, 14)],
  [(4, 14), (4, 15)],
  [(4, 15)],
  [(4, 15)],
  [(4, 15)],
  [(4, 15), (4, 14)],
  [(4, 14)],
  [(4, 14), (4, 15)],
  [(4, 15)],
  [(4, 15), (4, 14)],
  [(4, 14), (4, 15)],
  [(4, 15), (4, 14)],
  [(4, 14)],
  [(4, 14), (5, 14), (6, 14), (7, 14), (7, 13), (7, 12), (7, 11), (8, 11)],
  [(8, 11), (9, 11), (10, 11), (10, 12), (10, 13), (10, 14)]],
 [[(10, 15), (9, 15), (8, 15), (7, 15), (6, 15), (5, 15), (4, 15), (4, 14)],
  [(4, 14),
   (3, 14),
   (2, 14),
   (1, 14),
   (1, 13),
   (1, 12),
   (1, 11),
   (1, 10),
   (1, 9),
   (1, 8),
   (1, 7),
   (2, 7),
   (3, 7),
   (4, 7)],
  [(4, 7),
   (3, 7),
   (2, 7),
   (1, 7),
   (1, 8),
   (1, 9),
   (1, 10),
   (2, 10),
   (3, 10),
   (4, 10),
   (4, 11)],
  [(4, 11)],
  [(4, 11),
   (4, 10),
   (3, 10),
   (2, 10),
   (1, 10),
   (1, 9),
   (1, 8),
   (1, 7),
   (2, 7),
   (3, 7),
   (4, 7),
   (4, 6)],
  [(4, 6),
   (3, 6),
   (2, 6),
   (1, 6),
   (1, 5),
   (1, 4),
   (1, 3),
   (2, 3),
   (3, 3),
   (4, 3),
   (4, 2)],
  [(4, 2), (5, 2), (6, 2), (7, 2), (8, 2), (8, 3)],
  [(8, 3),
   (9, 3),
   (10, 3),
   (10, 4),
   (10, 5),
   (10, 6),
   (10, 7),
   (10, 8),
   (10, 9),
   (10, 10),
   (10, 11),
   (10, 12),
   (10, 13),
   (10, 14)]],
 [[(10, 15),
   (9, 15),
   (8, 15),
   (7, 15),
   (7, 14),
   (7, 13),
   (7, 12),
   (7, 11),
   (6, 11),
   (5, 11),
   (4, 11)],
  [(4, 11),
   (3, 11),
   (2, 11),
   (1, 11),
   (1, 12),
   (1, 13),
   (1, 14),
   (2, 14),
   (3, 14),
   (4, 14),
   (4, 15)],
  [(4, 15),
   (4, 14),
   (3, 14),
   (2, 14),
   (1, 14),
   (1, 13),
   (1, 12),
   (1, 11),
   (1, 10),
   (1, 9),
   (1, 8),
   (1, 7),
   (1, 6),
   (1, 5),
   (1, 4),
   (1, 3),
   (2, 3),
   (3, 3),
   (4, 3)],
  [(4, 3), (4, 2)],
  [(4, 2), (5, 2), (6, 2), (7, 2), (8, 2), (8, 3)],
  [(8, 3),
   (9, 3),
   (10, 3),
   (10, 4),
   (10, 5),
   (10, 6),
   (10, 7),
   (10, 8),
   (10, 9),
   (10, 10),
   (10, 11),
   (10, 12),
   (10, 13),
   (10, 14)]],
 [[(10, 15), (9, 15), (8, 15), (7, 15), (6, 15), (5, 15), (4, 15), (4, 14)],
  [(4, 14), (5, 14), (6, 14), (7, 14), (7, 13), (7, 12), (7, 11), (8, 11)],
  [(8, 11), (9, 11), (10, 11), (10, 12), (10, 13), (10, 14)]],
 [[(10, 15), (9, 15), (8, 15), (7, 15), (6, 15), (5, 15), (4, 15), (4, 14)],
  [(4, 14),
   (5, 14),
   (6, 14),
   (7, 14),
   (7, 13),
   (7, 12),
   (7, 11),
   (7, 10),
   (7, 9),
   (7, 8),
   (7, 7),
   (8, 7)],
  [(8, 7),
   (9, 7),
   (10, 7),
   (10, 8),
   (10, 9),
   (10, 10),
   (10, 11),
   (10, 12),
   (10, 13),
   (10, 14)]],
 [[(10, 15), (9, 15), (8, 15), (7, 15), (6, 15), (5, 15), (4, 15)],
  [(4, 15)],
  [(4, 15), (4, 14)],
  [(4, 14)],
  [(4, 14), (4, 15)],
  [(4, 15)],
  [(4, 15), (4, 14)],
  [(4, 14)],
  [(4, 14)],
  [(4, 14),
   (5, 14),
   (6, 14),
   (7, 14),
   (7, 13),
   (7, 12),
   (7, 11),
   (7, 10),
   (7, 9),
   (7, 8),
   (7, 7),
   (7, 6),
   (7, 5),
   (7, 4),
   (7, 3),
   (8, 3)],
  [(8, 3),
   (9, 3),
   (10, 3),
   (10, 4),
   (10, 5),
   (10, 6),
   (10, 7),
   (10, 8),
   (10, 9),
   (10, 10),
   (10, 11),
   (10, 12),
   (10, 13),
   (10, 14)]],
 [[(10, 15), (9, 15), (8, 15), (7, 15), (6, 15), (5, 15), (4, 15)],
  [(4, 15)],
  [(4, 15)],
  [(4, 15)],
  [(4, 15),
   (5, 15),
   (6, 15),
   (7, 15),
   (7, 14),
   (7, 13),
   (7, 12),
   (7, 11),
   (7, 10),
   (7, 9),
   (7, 8),
   (7, 7),
   (7, 6),
   (7, 5),
   (7, 4),
   (7, 3),
   (8, 3)],
  [(8, 3),
   (9, 3),
   (10, 3),
   (10, 4),
   (10, 5),
   (10, 6),
   (10, 7),
   (10, 8),
   (10, 9),
   (10, 10),
   (10, 11),
   (10, 12),
   (10, 13),
   (10, 14)]],
 [[(10, 15), (9, 15), (8, 15), (7, 15), (6, 15), (5, 15), (4, 15)],
  [(4, 15),
   (4, 14),
   (3, 14),
   (2, 14),
   (1, 14),
   (1, 13),
   (1, 12),
   (1, 11),
   (1, 10),
   (1, 9),
   (1, 8),
   (1, 7),
   (2, 7),
   (3, 7),
   (4, 7),
   (4, 6)],
  [(4, 6),
   (4, 7),
   (3, 7),
   (2, 7),
   (1, 7),
   (1, 8),
   (1, 9),
   (1, 10),
   (1, 11),
   (1, 12),
   (1, 13),
   (1, 14),
   (2, 14),
   (3, 14),
   (4, 14)],
  [(4, 14),
   (5, 14),
   (6, 14),
   (7, 14),
   (7, 13),
   (7, 12),
   (7, 11),
   (7, 10),
   (7, 9),
   (7, 8),
   (7, 7),
   (7, 6),
   (7, 5),
   (7, 4),
   (7, 3),
   (8, 3)],
  [(8, 3),
   (9, 3),
   (10, 3),
   (10, 4),
   (10, 5),
   (10, 6),
   (10, 7),
   (10, 8),
   (10, 9),
   (10, 10),
   (10, 11),
   (10, 12),
   (10, 13),
   (10, 14)]],
 [[(10, 15),
   (9, 15),
   (8, 15),
   (7, 15),
   (7, 14),
   (7, 13),
   (7, 12),
   (7, 11),
   (7, 10),
   (7, 9),
   (7, 8),
   (7, 7),
   (6, 7),
   (5, 7),
   (4, 7),
   (4, 6)],
  [(4, 6)],
  [(4, 6)],
  [(4, 6), (4, 7)],
  [(4, 7), (5, 7), (6, 7), (7, 7), (7, 8), (7, 9), (7, 10), (8, 10), (8, 11)],
  [(8, 11), (9, 11), (10, 11), (10, 12), (10, 13), (10, 14)]],
 [[(10, 15),
   (9, 15),
   (8, 15),
   (7, 15),
   (7, 14),
   (7, 13),
   (7, 12),
   (7, 11),
   (7, 10),
   (7, 9),
   (7, 8),
   (7, 7),
   (6, 7),
   (5, 7),
   (4, 7),
   (4, 6)],
  [(4, 6),
   (3, 6),
   (2, 6),
   (1, 6),
   (1, 5),
   (1, 4),
   (1, 3),
   (2, 3),
   (3, 3),
   (4, 3),
   (4, 2)],
  [(4, 2), (4, 3)],
  [(4, 3), (5, 3), (6, 3), (7, 3), (8, 3)],
  [(8, 3),
   (9, 3),
   (10, 3),
   (10, 4),
   (10, 5),
   (10, 6),
   (10, 7),
   (10, 8),
   (10, 9),
   (10, 10),
   (10, 11),
   (10, 12),
   (10, 13),
   (10, 14)]],
 [[(10, 15),
   (9, 15),
   (8, 15),
   (7, 15),
   (7, 14),
   (7, 13),
   (7, 12),
   (7, 11),
   (7, 10),
   (7, 9),
   (7, 8),
   (7, 7),
   (7, 6),
   (7, 5),
   (7, 4),
   (7, 3),
   (6, 3),
   (5, 3),
   (4, 3)],
  [(4, 3), (4, 2)],
  [(4, 2), (4, 3)],
  [(4, 3),
   (3, 3),
   (2, 3),
   (1, 3),
   (1, 4),
   (1, 5),
   (1, 6),
   (1, 7),
   (1, 8),
   (1, 9),
   (1, 10),
   (2, 10),
   (3, 10),
   (4, 10),
   (4, 11)],
  [(4, 11),
   (4, 10),
   (3, 10),
   (2, 10),
   (1, 10),
   (1, 9),
   (1, 8),
   (1, 7),
   (2, 7),
   (3, 7),
   (4, 7),
   (4, 6)],
  [(4, 6)],
  [(4, 6),
   (3, 6),
   (2, 6),
   (1, 6),
   (1, 5),
   (1, 4),
   (1, 3),
   (2, 3),
   (3, 3),
   (4, 3),
   (4, 2)],
  [(4, 2), (4, 3)],
  [(4, 3), (5, 3), (6, 3), (7, 3), (7, 4), (7, 5), (7, 6), (8, 6), (8, 7)],
  [(8, 7),
   (9, 7),
   (10, 7),
   (10, 8),
   (10, 9),
   (10, 10),
   (10, 11),
   (10, 12),
   (10, 13),
   (10, 14)]],
 [[(10, 15), (9, 15), (8, 15), (7, 15), (6, 15), (5, 15), (4, 15), (4, 14)],
  [(4, 14)],
  [(4, 14),
   (3, 14),
   (2, 14),
   (1, 14),
   (1, 13),
   (1, 12),
   (1, 11),
   (2, 11),
   (3, 11),
   (4, 11),
   (4, 10)],
  [(4, 10)],
  [(4, 10),
   (3, 10),
   (2, 10),
   (1, 10),
   (1, 9),
   (1, 8),
   (1, 7),
   (1, 6),
   (1, 5),
   (1, 4),
   (1, 3),
   (2, 3),
   (3, 3),
   (4, 3),
   (4, 2)],
  [(4, 2)],
  [(4, 2), (4, 3)],
  [(4, 3), (4, 2)],
  [(4, 2), (4, 3)],
  [(4, 3)],
  [(4, 3), (4, 2)],
  [(4, 2)],
  [(4, 2), (4, 3)],
  [(4, 3), (5, 3), (6, 3), (7, 3), (8, 3)],
  [(8, 3),
   (9, 3),
   (10, 3),
   (10, 4),
   (10, 5),
   (10, 6),
   (10, 7),
   (10, 8),
   (10, 9),
   (10, 10),
   (10, 11),
   (10, 12),
   (10, 13),
   (10, 14)]],
 [[(10, 15),
   (9, 15),
   (8, 15),
   (7, 15),
   (7, 14),
   (7, 13),
   (7, 12),
   (7, 11),
   (6, 11),
   (5, 11),
   (4, 11)],
  [(4, 11), (4, 10)],
  [(4, 10),
   (5, 10),
   (6, 10),
   (7, 10),
   (7, 9),
   (7, 8),
   (7, 7),
   (7, 6),
   (7, 5),
   (7, 4),
   (7, 3),
   (8, 3)],
  [(8, 3),
   (9, 3),
   (10, 3),
   (10, 4),
   (10, 5),
   (10, 6),
   (10, 7),
   (10, 8),
   (10, 9),
   (10, 10),
   (10, 11),
   (10, 12),
   (10, 13),
   (10, 14)]],
 [[(10, 15),
   (9, 15),
   (8, 15),
   (7, 15),
   (7, 14),
   (7, 13),
   (7, 12),
   (7, 11),
   (7, 10),
   (7, 9),
   (7, 8),
   (7, 7),
   (6, 7),
   (5, 7),
   (4, 7)],
  [(4, 7),
   (3, 7),
   (2, 7),
   (1, 7),
   (1, 8),
   (1, 9),
   (1, 10),
   (2, 10),
   (3, 10),
   (4, 10)],
  [(4, 10),
   (3, 10),
   (2, 10),
   (1, 10),
   (1, 9),
   (1, 8),
   (1, 7),
   (2, 7),
   (3, 7),
   (4, 7)],
  [(4, 7)],
  [(4, 7)],
  [(4, 7)],
  [(4, 7)],
  [(4, 7),
   (3, 7),
   (2, 7),
   (1, 7),
   (1, 8),
   (1, 9),
   (1, 10),
   (2, 10),
   (3, 10),
   (4, 10)],
  [(4, 10), (4, 11)],
  [(4, 11)],
  [(4, 11),
   (5, 11),
   (6, 11),
   (7, 11),
   (7, 10),
   (7, 9),
   (7, 8),
   (7, 7),
   (8, 7)],
  [(8, 7),
   (9, 7),
   (10, 7),
   (10, 8),
   (10, 9),
   (10, 10),
   (10, 11),
   (10, 12),
   (10, 13),
   (10, 14)]],
 [[(10, 15),
   (9, 15),
   (8, 15),
   (7, 15),
   (7, 14),
   (7, 13),
   (7, 12),
   (7, 11),
   (7, 10),
   (7, 9),
   (7, 8),
   (7, 7),
   (7, 6),
   (7, 5),
   (7, 4),
   (7, 3),
   (6, 3),
   (5, 3),
   (4, 3),
   (4, 2)],
  [(4, 2)],
  [(4, 2), (4, 3)],
  [(4, 3)],
  [(4, 3)],
  [(4, 3), (5, 3), (6, 3), (7, 3), (8, 3)],
  [(8, 3),
   (9, 3),
   (10, 3),
   (10, 4),
   (10, 5),
   (10, 6),
   (10, 7),
   (10, 8),
   (10, 9),
   (10, 10),
   (10, 11),
   (10, 12),
   (10, 13),
   (10, 14)]],
 [[(10, 15), (9, 15), (8, 15), (7, 15), (6, 15), (5, 15), (4, 15)],
  [(4, 15)],
  [(4, 15),
   (4, 14),
   (3, 14),
   (2, 14),
   (1, 14),
   (1, 13),
   (1, 12),
   (1, 11),
   (1, 10),
   (1, 9),
   (1, 8),
   (1, 7),
   (2, 7),
   (3, 7),
   (4, 7)],
  [(4, 7),
   (4, 6),
   (3, 6),
   (2, 6),
   (1, 6),
   (1, 5),
   (1, 4),
   (1, 3),
   (2, 3),
   (3, 3),
   (4, 3),
   (4, 2)],
  [(4, 2),
   (4, 3),
   (3, 3),
   (2, 3),
   (1, 3),
   (1, 4),
   (1, 5),
   (1, 6),
   (1, 7),
   (1, 8),
   (1, 9),
   (1, 10),
   (1, 11),
   (1, 12),
   (1, 13),
   (1, 14),
   (2, 14),
   (3, 14),
   (4, 14),
   (4, 15)],
  [(4, 15),
   (5, 15),
   (6, 15),
   (7, 15),
   (7, 14),
   (7, 13),
   (7, 12),
   (7, 11),
   (7, 10),
   (7, 9),
   (7, 8),
   (7, 7),
   (8, 7)],
  [(8, 7),
   (9, 7),
   (10, 7),
   (10, 8),
   (10, 9),
   (10, 10),
   (10, 11),
   (10, 12),
   (10, 13),
   (10, 14)]],
 [[(10, 15),
   (9, 15),
   (8, 15),
   (7, 15),
   (7, 14),
   (7, 13),
   (7, 12),
   (7, 11),
   (6, 11),
   (5, 11),
   (4, 11)],
  [(4, 11),
   (4, 10),
   (3, 10),
   (2, 10),
   (1, 10),
   (1, 9),
   (1, 8),
   (1, 7),
   (1, 6),
   (1, 5),
   (1, 4),
   (1, 3),
   (2, 3),
   (3, 3),
   (4, 3)],
  [(4, 3)],
  [(4, 3),
   (3, 3),
   (2, 3),
   (1, 3),
   (1, 4),
   (1, 5),
   (1, 6),
   (1, 7),
   (1, 8),
   (1, 9),
   (1, 10),
   (1, 11),
   (1, 12),
   (1, 13),
   (1, 14),
   (2, 14),
   (3, 14),
   (4, 14),
   (4, 15)],
  [(4, 15), (4, 14)],
  [(4, 14)],
  [(4, 14)],
  [(4, 14)],
  [(4, 14),
   (3, 14),
   (2, 14),
   (1, 14),
   (1, 13),
   (1, 12),
   (1, 11),
   (1, 10),
   (1, 9),
   (1, 8),
   (1, 7),
   (1, 6),
   (1, 5),
   (1, 4),
   (1, 3),
   (2, 3),
   (3, 3),
   (4, 3)],
  [(4, 3),
   (3, 3),
   (2, 3),
   (1, 3),
   (1, 4),
   (1, 5),
   (1, 6),
   (1, 7),
   (1, 8),
   (1, 9),
   (1, 10),
   (2, 10),
   (3, 10),
   (4, 10)],
  [(4, 10)],
  [(4, 10),
   (3, 10),
   (2, 10),
   (1, 10),
   (1, 9),
   (1, 8),
   (1, 7),
   (2, 7),
   (3, 7),
   (4, 7)],
  [(4, 7)],
  [(4, 7), (4, 6)],
  [(4, 6), (4, 7)],
  [(4, 7), (5, 7), (6, 7), (7, 7), (8, 7)],
  [(8, 7),
   (9, 7),
   (10, 7),
   (10, 8),
   (10, 9),
   (10, 10),
   (10, 11),
   (10, 12),
   (10, 13),
   (10, 14)]],
 [[(10, 15), (9, 15), (8, 15), (7, 15), (6, 15), (5, 15), (4, 15), (4, 14)],
  [(4, 14), (4, 15)],
  [(4, 15)],
  [(4, 15)],
  [(4, 15),
   (4, 14),
   (3, 14),
   (2, 14),
   (1, 14),
   (1, 13),
   (1, 12),
   (1, 11),
   (1, 10),
   (1, 9),
   (1, 8),
   (1, 7),
   (1, 6),
   (1, 5),
   (1, 4),
   (1, 3),
   (2, 3),
   (3, 3),
   (4, 3),
   (4, 2)],
  [(4, 2)],
  [(4, 2)],
  [(4, 2),
   (5, 2),
   (6, 2),
   (7, 2),
   (7, 3),
   (7, 4),
   (7, 5),
   (7, 6),
   (8, 6),
   (8, 7)],
  [(8, 7),
   (9, 7),
   (10, 7),
   (10, 8),
   (10, 9),
   (10, 10),
   (10, 11),
   (10, 12),
   (10, 13),
   (10, 14)]],
 [[(10, 15),
   (9, 15),
   (8, 15),
   (7, 15),
   (7, 14),
   (7, 13),
   (7, 12),
   (7, 11),
   (7, 10),
   (7, 9),
   (7, 8),
   (7, 7),
   (6, 7),
   (5, 7),
   (4, 7),
   (4, 6)],
  [(4, 6), (4, 7)],
  [(4, 7), (4, 6)],
  [(4, 6), (5, 6), (6, 6), (7, 6), (8, 6), (8, 7)],
  [(8, 7),
   (9, 7),
   (10, 7),
   (10, 8),
   (10, 9),
   (10, 10),
   (10, 11),
   (10, 12),
   (10, 13),
   (10, 14)]],
 [[(10, 15), (9, 15), (8, 15), (7, 15), (6, 15), (5, 15), (4, 15), (4, 14)],
  [(4, 14),
   (5, 14),
   (6, 14),
   (7, 14),
   (7, 13),
   (7, 12),
   (7, 11),
   (7, 10),
   (7, 9),
   (7, 8),
   (7, 7),
   (7, 6),
   (7, 5),
   (7, 4),
   (7, 3),
   (8, 3)],
  [(8, 3),
   (9, 3),
   (10, 3),
   (10, 4),
   (10, 5),
   (10, 6),
   (10, 7),
   (10, 8),
   (10, 9),
   (10, 10),
   (10, 11),
   (10, 12),
   (10, 13),
   (10, 14)]],
 [[(10, 15),
   (9, 15),
   (8, 15),
   (7, 15),
   (7, 14),
   (7, 13),
   (7, 12),
   (7, 11),
   (7, 10),
   (7, 9),
   (7, 8),
   (7, 7),
   (7, 6),
   (7, 5),
   (7, 4),
   (7, 3),
   (6, 3),
   (5, 3),
   (4, 3)],
  [(4, 3)],
  [(4, 3), (4, 2)],
  [(4, 2)],
  [(4, 2), (5, 2), (6, 2), (7, 2), (8, 2), (8, 3)],
  [(8, 3),
   (9, 3),
   (10, 3),
   (10, 4),
   (10, 5),
   (10, 6),
   (10, 7),
   (10, 8),
   (10, 9),
   (10, 10),
   (10, 11),
   (10, 12),
   (10, 13),
   (10, 14)]],
 [[(10, 15),
   (9, 15),
   (8, 15),
   (7, 15),
   (7, 14),
   (7, 13),
   (7, 12),
   (7, 11),
   (7, 10),
   (7, 9),
   (7, 8),
   (7, 7),
   (6, 7),
   (5, 7),
   (4, 7)],
  [(4, 7), (4, 6)],
  [(4, 6)],
  [(4, 6), (4, 7)],
  [(4, 7),
   (4, 6),
   (3, 6),
   (2, 6),
   (1, 6),
   (1, 5),
   (1, 4),
   (1, 3),
   (2, 3),
   (3, 3),
   (4, 3),
   (4, 2)],
  [(4, 2),
   (5, 2),
   (6, 2),
   (7, 2),
   (7, 3),
   (7, 4),
   (7, 5),
   (7, 6),
   (8, 6),
   (8, 7)],
  [(8, 7),
   (9, 7),
   (10, 7),
   (10, 8),
   (10, 9),
   (10, 10),
   (10, 11),
   (10, 12),
   (10, 13),
   (10, 14)]],
 [[(10, 15), (9, 15), (8, 15), (7, 15), (6, 15), (5, 15), (4, 15), (4, 14)],
  [(4, 14),
   (5, 14),
   (6, 14),
   (7, 14),
   (7, 13),
   (7, 12),
   (7, 11),
   (7, 10),
   (7, 9),
   (7, 8),
   (7, 7),
   (7, 6),
   (7, 5),
   (7, 4),
   (7, 3),
   (8, 3)],
  [(8, 3),
   (9, 3),
   (10, 3),
   (10, 4),
   (10, 5),
   (10, 6),
   (10, 7),
   (10, 8),
   (10, 9),
   (10, 10),
   (10, 11),
   (10, 12),
   (10, 13),
   (10, 14)]],
 [[(10, 15),
   (9, 15),
   (8, 15),
   (7, 15),
   (7, 14),
   (7, 13),
   (7, 12),
   (7, 11),
   (7, 10),
   (7, 9),
   (7, 8),
   (7, 7),
   (6, 7),
   (5, 7),
   (4, 7),
   (4, 6)],
  [(4, 6),
   (4, 7),
   (3, 7),
   (2, 7),
   (1, 7),
   (1, 8),
   (1, 9),
   (1, 10),
   (1, 11),
   (1, 12),
   (1, 13),
   (1, 14),
   (2, 14),
   (3, 14),
   (4, 14)],
  [(4, 14), (4, 15)],
  [(4, 15),
   (5, 15),
   (6, 15),
   (7, 15),
   (7, 14),
   (7, 13),
   (7, 12),
   (7, 11),
   (7, 10),
   (7, 9),
   (7, 8),
   (7, 7),
   (8, 7)],
  [(8, 7),
   (9, 7),
   (10, 7),
   (10, 8),
   (10, 9),
   (10, 10),
   (10, 11),
   (10, 12),
   (10, 13),
   (10, 14)]],
 [[(10, 15), (9, 15), (8, 15), (7, 15), (6, 15), (5, 15), (4, 15)],
  [(4, 15), (4, 14)],
  [(4, 14), (4, 15)],
  [(4, 15),
   (5, 15),
   (6, 15),
   (7, 15),
   (7, 14),
   (7, 13),
   (7, 12),
   (7, 11),
   (8, 11)],
  [(8, 11), (9, 11), (10, 11), (10, 12), (10, 13), (10, 14)]],
 [[(10, 15),
   (9, 15),
   (8, 15),
   (7, 15),
   (7, 14),
   (7, 13),
   (7, 12),
   (7, 11),
   (7, 10),
   (7, 9),
   (7, 8),
   (7, 7),
   (6, 7),
   (5, 7),
   (4, 7),
   (4, 6)],
  [(4, 6)],
  [(4, 6), (4, 7)],
  [(4, 7), (4, 6)],
  [(4, 6), (4, 7)],
  [(4, 7), (4, 6)],
  [(4, 6), (4, 7)],
  [(4, 7), (4, 6)],
  [(4, 6), (4, 7)],
  [(4, 7), (4, 6)],
  [(4, 6),
   (4, 7),
   (3, 7),
   (2, 7),
   (1, 7),
   (1, 8),
   (1, 9),
   (1, 10),
   (1, 11),
   (1, 12),
   (1, 13),
   (1, 14),
   (2, 14),
   (3, 14),
   (4, 14)],
  [(4, 14),
   (3, 14),
   (2, 14),
   (1, 14),
   (1, 13),
   (1, 12),
   (1, 11),
   (2, 11),
   (3, 11),
   (4, 11),
   (4, 10)],
  [(4, 10),
   (3, 10),
   (2, 10),
   (1, 10),
   (1, 9),
   (1, 8),
   (1, 7),
   (1, 6),
   (1, 5),
   (1, 4),
   (1, 3),
   (2, 3),
   (3, 3),
   (4, 3)],
  [(4, 3)],
  [(4, 3),
   (3, 3),
   (2, 3),
   (1, 3),
   (1, 4),
   (1, 5),
   (1, 6),
   (1, 7),
   (1, 8),
   (1, 9),
   (1, 10),
   (1, 11),
   (1, 12),
   (1, 13),
   (1, 14),
   (2, 14),
   (3, 14),
   (4, 14)],
  [(4, 14), (4, 15)],
  [(4, 15),
   (5, 15),
   (6, 15),
   (7, 15),
   (7, 14),
   (7, 13),
   (7, 12),
   (7, 11),
   (8, 11)],
  [(8, 11), (9, 11), (10, 11), (10, 12), (10, 13), (10, 14)]],
 [[(10, 15),
   (9, 15),
   (8, 15),
   (7, 15),
   (7, 14),
   (7, 13),
   (7, 12),
   (7, 11),
   (7, 10),
   (7, 9),
   (7, 8),
   (7, 7),
   (6, 7),
   (5, 7),
   (4, 7)],
  [(4, 7), (4, 6)],
  [(4, 6), (4, 7)],
  [(4, 7),
   (4, 6),
   (3, 6),
   (2, 6),
   (1, 6),
   (1, 5),
   (1, 4),
   (1, 3),
   (2, 3),
   (3, 3),
   (4, 3),
   (4, 2)],
  [(4, 2)],
  [(4, 2)],
  [(4, 2),
   (5, 2),
   (6, 2),
   (7, 2),
   (7, 3),
   (7, 4),
   (7, 5),
   (7, 6),
   (8, 6),
   (8, 7)],
  [(8, 7),
   (9, 7),
   (10, 7),
   (10, 8),
   (10, 9),
   (10, 10),
   (10, 11),
   (10, 12),
   (10, 13),
   (10, 14)]],
 [[(10, 15), (9, 15), (8, 15), (7, 15), (6, 15), (5, 15), (4, 15)],
  [(4, 15),
   (5, 15),
   (6, 15),
   (7, 15),
   (7, 14),
   (7, 13),
   (7, 12),
   (7, 11),
   (8, 11)],
  [(8, 11), (9, 11), (10, 11), (10, 12), (10, 13), (10, 14)]],
 [[(10, 15),
   (9, 15),
   (8, 15),
   (7, 15),
   (7, 14),
   (7, 13),
   (7, 12),
   (7, 11),
   (7, 10),
   (7, 9),
   (7, 8),
   (7, 7),
   (6, 7),
   (5, 7),
   (4, 7),
   (4, 6)],
  [(4, 6),
   (4, 7),
   (3, 7),
   (2, 7),
   (1, 7),
   (1, 8),
   (1, 9),
   (1, 10),
   (1, 11),
   (1, 12),
   (1, 13),
   (1, 14),
   (2, 14),
   (3, 14),
   (4, 14),
   (4, 15)],
  [(4, 15),
   (5, 15),
   (6, 15),
   (7, 15),
   (7, 14),
   (7, 13),
   (7, 12),
   (7, 11),
   (7, 10),
   (7, 9),
   (7, 8),
   (7, 7),
   (8, 7)],
  [(8, 7),
   (9, 7),
   (10, 7),
   (10, 8),
   (10, 9),
   (10, 10),
   (10, 11),
   (10, 12),
   (10, 13),
   (10, 14)]],
 [[(10, 15), (9, 15), (8, 15), (7, 15), (6, 15), (5, 15), (4, 15)],
  [(4, 15), (4, 14)],
  [(4, 14), (4, 15)],
  [(4, 15),
   (5, 15),
   (6, 15),
   (7, 15),
   (7, 14),
   (7, 13),
   (7, 12),
   (7, 11),
   (8, 11)],
  [(8, 11), (9, 11), (10, 11), (10, 12), (10, 13), (10, 14)]],
 [[(10, 15),
   (9, 15),
   (8, 15),
   (7, 15),
   (7, 14),
   (7, 13),
   (7, 12),
   (7, 11),
   (7, 10),
   (7, 9),
   (7, 8),
   (7, 7),
   (7, 6),
   (7, 5),
   (7, 4),
   (7, 3),
   (6, 3),
   (5, 3),
   (4, 3)],
  [(4, 3)],
  [(4, 3), (4, 2)],
  [(4, 2), (5, 2), (6, 2), (7, 2), (8, 2), (8, 3)],
  [(8, 3),
   (9, 3),
   (10, 3),
   (10, 4),
   (10, 5),
   (10, 6),
   (10, 7),
   (10, 8),
   (10, 9),
   (10, 10),
   (10, 11),
   (10, 12),
   (10, 13),
   (10, 14)]],
 [[(10, 15),
   (9, 15),
   (8, 15),
   (7, 15),
   (7, 14),
   (7, 13),
   (7, 12),
   (7, 11),
   (7, 10),
   (7, 9),
   (7, 8),
   (7, 7),
   (7, 6),
   (7, 5),
   (7, 4),
   (7, 3),
   (6, 3),
   (5, 3),
   (4, 3)],
  [(4, 3), (5, 3), (6, 3), (7, 3), (7, 4), (7, 5), (7, 6), (8, 6), (8, 7)],
  [(8, 7),
   (9, 7),
   (10, 7),
   (10, 8),
   (10, 9),
   (10, 10),
   (10, 11),
   (10, 12),
   (10, 13),
   (10, 14)]],
 [[(10, 15),
   (9, 15),
   (8, 15),
   (7, 15),
   (7, 14),
   (7, 13),
   (7, 12),
   (7, 11),
   (7, 10),
   (7, 9),
   (7, 8),
   (7, 7),
   (6, 7),
   (5, 7),
   (4, 7),
   (4, 6)],
  [(4, 6),
   (3, 6),
   (2, 6),
   (1, 6),
   (1, 5),
   (1, 4),
   (1, 3),
   (2, 3),
   (3, 3),
   (4, 3)],
  [(4, 3)],
  [(4, 3), (5, 3), (6, 3), (7, 3), (8, 3)],
  [(8, 3),
   (9, 3),
   (10, 3),
   (10, 4),
   (10, 5),
   (10, 6),
   (10, 7),
   (10, 8),
   (10, 9),
   (10, 10),
   (10, 11),
   (10, 12),
   (10, 13),
   (10, 14)]],
 [[(10, 15), (9, 15), (8, 15), (7, 15), (6, 15), (5, 15), (4, 15), (4, 14)],
  [(4, 14)],
  [(4, 14), (4, 15)],
  [(4, 15),
   (4, 14),
   (3, 14),
   (2, 14),
   (1, 14),
   (1, 13),
   (1, 12),
   (1, 11),
   (1, 10),
   (1, 9),
   (1, 8),
   (1, 7),
   (1, 6),
   (1, 5),
   (1, 4),
   (1, 3),
   (2, 3),
   (3, 3),
   (4, 3),
   (4, 2)],
  [(4, 2)],
  [(4, 2), (4, 3)],
  [(4, 3),
   (3, 3),
   (2, 3),
   (1, 3),
   (1, 4),
   (1, 5),
   (1, 6),
   (1, 7),
   (1, 8),
   (1, 9),
   (1, 10),
   (1, 11),
   (1, 12),
   (1, 13),
   (1, 14),
   (2, 14),
   (3, 14),
   (4, 14),
   (4, 15)],
  [(4, 15),
   (5, 15),
   (6, 15),
   (7, 15),
   (7, 14),
   (7, 13),
   (7, 12),
   (7, 11),
   (7, 10),
   (7, 9),
   (7, 8),
   (7, 7),
   (8, 7)],
  [(8, 7),
   (9, 7),
   (10, 7),
   (10, 8),
   (10, 9),
   (10, 10),
   (10, 11),
   (10, 12),
   (10, 13),
   (10, 14)]],
 [[(10, 15),
   (9, 15),
   (8, 15),
   (7, 15),
   (7, 14),
   (7, 13),
   (7, 12),
   (7, 11),
   (6, 11),
   (5, 11),
   (4, 11)],
  [(4, 11),
   (3, 11),
   (2, 11),
   (1, 11),
   (1, 12),
   (1, 13),
   (1, 14),
   (2, 14),
   (3, 14),
   (4, 14)],
  [(4, 14),
   (5, 14),
   (6, 14),
   (7, 14),
   (7, 13),
   (7, 12),
   (7, 11),
   (7, 10),
   (7, 9),
   (7, 8),
   (7, 7),
   (8, 7)],
  [(8, 7),
   (9, 7),
   (10, 7),
   (10, 8),
   (10, 9),
   (10, 10),
   (10, 11),
   (10, 12),
   (10, 13),
   (10, 14)]],
 [[(10, 15), (9, 15), (8, 15), (7, 15), (6, 15), (5, 15), (4, 15)],
  [(4, 15),
   (5, 15),
   (6, 15),
   (7, 15),
   (7, 14),
   (7, 13),
   (7, 12),
   (7, 11),
   (8, 11)],
  [(8, 11), (9, 11), (10, 11), (10, 12), (10, 13), (10, 14)]],
 [[(10, 15),
   (9, 15),
   (8, 15),
   (7, 15),
   (7, 14),
   (7, 13),
   (7, 12),
   (7, 11),
   (7, 10),
   (7, 9),
   (7, 8),
   (7, 7),
   (6, 7),
   (5, 7),
   (4, 7),
   (4, 6)],
  [(4, 6), (4, 7)],
  [(4, 7), (4, 6)],
  [(4, 6)],
  [(4, 6),
   (3, 6),
   (2, 6),
   (1, 6),
   (1, 5),
   (1, 4),
   (1, 3),
   (2, 3),
   (3, 3),
   (4, 3),
   (4, 2)],
  [(4, 2), (4, 3)],
  [(4, 3)],
  [(4, 3), (4, 2)],
  [(4, 2),
   (4, 3),
   (3, 3),
   (2, 3),
   (1, 3),
   (1, 4),
   (1, 5),
   (1, 6),
   (1, 7),
   (1, 8),
   (1, 9),
   (1, 10),
   (1, 11),
   (1, 12),
   (1, 13),
   (1, 14),
   (2, 14),
   (3, 14),
   (4, 14),
   (4, 15)],
  [(4, 15)],
  [(4, 15),
   (4, 14),
   (3, 14),
   (2, 14),
   (1, 14),
   (1, 13),
   (1, 12),
   (1, 11),
   (1, 10),
   (1, 9),
   (1, 8),
   (1, 7),
   (2, 7),
   (3, 7),
   (4, 7),
   (4, 6)],
  [(4, 6), (5, 6), (6, 6), (7, 6), (8, 6), (8, 7)],
  [(8, 7),
   (9, 7),
   (10, 7),
   (10, 8),
   (10, 9),
   (10, 10),
   (10, 11),
   (10, 12),
   (10, 13),
   (10, 14)]],
 [[(10, 15),
   (9, 15),
   (8, 15),
   (7, 15),
   (7, 14),
   (7, 13),
   (7, 12),
   (7, 11),
   (6, 11),
   (5, 11),
   (4, 11)],
  [(4, 11), (4, 10)],
  [(4, 10),
   (3, 10),
   (2, 10),
   (1, 10),
   (1, 9),
   (1, 8),
   (1, 7),
   (1, 6),
   (1, 5),
   (1, 4),
   (1, 3),
   (2, 3),
   (3, 3),
   (4, 3),
   (4, 2)],
  [(4, 2),
   (4, 3),
   (3, 3),
   (2, 3),
   (1, 3),
   (1, 4),
   (1, 5),
   (1, 6),
   (1, 7),
   (1, 8),
   (1, 9),
   (1, 10),
   (1, 11),
   (1, 12),
   (1, 13),
   (1, 14),
   (2, 14),
   (3, 14),
   (4, 14),
   (4, 15)],
  [(4, 15),
   (5, 15),
   (6, 15),
   (7, 15),
   (7, 14),
   (7, 13),
   (7, 12),
   (7, 11),
   (7, 10),
   (7, 9),
   (7, 8),
   (7, 7),
   (7, 6),
   (7, 5),
   (7, 4),
   (7, 3),
   (8, 3)],
  [(8, 3),
   (9, 3),
   (10, 3),
   (10, 4),
   (10, 5),
   (10, 6),
   (10, 7),
   (10, 8),
   (10, 9),
   (10, 10),
   (10, 11),
   (10, 12),
   (10, 13),
   (10, 14)]],
 [[(10, 15),
   (9, 15),
   (8, 15),
   (7, 15),
   (7, 14),
   (7, 13),
   (7, 12),
   (7, 11),
   (7, 10),
   (7, 9),
   (7, 8),
   (7, 7),
   (7, 6),
   (7, 5),
   (7, 4),
   (7, 3),
   (6, 3),
   (5, 3),
   (4, 3)],
  [(4, 3),
   (3, 3),
   (2, 3),
   (1, 3),
   (1, 4),
   (1, 5),
   (1, 6),
   (1, 7),
   (1, 8),
   (1, 9),
   (1, 10),
   (2, 10),
   (3, 10),
   (4, 10)],
  [(4, 10)],
  [(4, 10), (4, 11)],
  [(4, 11),
   (4, 10),
   (3, 10),
   (2, 10),
   (1, 10),
   (1, 9),
   (1, 8),
   (1, 7),
   (1, 6),
   (1, 5),
   (1, 4),
   (1, 3),
   (2, 3),
   (3, 3),
   (4, 3)],
  [(4, 3),
   (5, 3),
   (6, 3),
   (7, 3),
   (7, 4),
   (7, 5),
   (7, 6),
   (7, 7),
   (7, 8),
   (7, 9),
   (7, 10),
   (8, 10),
   (8, 11)],
  [(8, 11), (9, 11), (10, 11), (10, 12), (10, 13), (10, 14)]],
 [[(10, 15),
   (9, 15),
   (8, 15),
   (7, 15),
   (7, 14),
   (7, 13),
   (7, 12),
   (7, 11),
   (7, 10),
   (7, 9),
   (7, 8),
   (7, 7),
   (6, 7),
   (5, 7),
   (4, 7),
   (4, 6)],
  [(4, 6), (4, 7)],
  [(4, 7)],
  [(4, 7)],
  [(4, 7), (4, 6)],
  [(4, 6)],
  [(4, 6), (4, 7)],
  [(4, 7), (4, 6)],
  [(4, 6)],
  [(4, 6), (4, 7)],
  [(4, 7)],
  [(4, 7),
   (4, 6),
   (3, 6),
   (2, 6),
   (1, 6),
   (1, 5),
   (1, 4),
   (1, 3),
   (2, 3),
   (3, 3),
   (4, 3)],
  [(4, 3), (4, 2)],
  [(4, 2), (4, 3)],
  [(4, 3),
   (3, 3),
   (2, 3),
   (1, 3),
   (1, 4),
   (1, 5),
   (1, 6),
   (1, 7),
   (1, 8),
   (1, 9),
   (1, 10),
   (1, 11),
   (1, 12),
   (1, 13),
   (1, 14),
   (2, 14),
   (3, 14),
   (4, 14),
   (4, 15)],
  [(4, 15),
   (5, 15),
   (6, 15),
   (7, 15),
   (7, 14),
   (7, 13),
   (7, 12),
   (7, 11),
   (8, 11)],
  [(8, 11), (9, 11), (10, 11), (10, 12), (10, 13), (10, 14)]]]